idw.asc
NCOLS 250
NROWS 250
XLLCORNER 2.0
YLLCORNER 3.0
CELLSIZE 1.0
NODATA_VALUE -9999
[rows 38 to 56 of 250, columns 132 to 175 of 250]
98.49850056948584 97.75822886397444 96.77981470059117 95.7389442843457 94.59793424301861 93.78441209204888 92.19716558079769 91.2862855908067 91.04291106403203 90.51680345953348 90.07738439544244 89.41950727148217 89.09957306325519 88.90114648298245 88.51999408301839 87.87159171411943 87.05536615781303 86.28208403101664 84.16359428068853 83.27398880317632 82.4811176011202 81.16404179202401 79.7657508520261 78.09754896515983 77.01556819741711 74.08643785779839 72.97202155087571 71.90271826671558 70.4201136608945 69.62288105372 69.28165590149322 68.94840092537791 69.1452386104937 69.0924765273882 68.48843999691555 67.61749215308873 66.35206465975152 65.42496985356814 64.69420110644957 64.12194878163172 63.16184367165088 62.55634175515849 61.409391531194835 60.16405526478067
99.05388388207201 98.35914941803762 97.3593468926111 95.88903620049304 95.00675573755572 93.94531390746198 93.25054806648266 91.61796956514466 90.99836618807116 90.70249546451943 89.50253051133338 89.210367402075 88.93338621366158 88.65363657779817 88.2524744204634 87.67255062708567 86.96468198821131 86.2266969378407 84.04118989412478 83.17648808981495 82.37332011589746 81.58896864428092 79.60655455640261 77.94120737931149 76.34463146534351 73.74718038670298 72.73089862577851 71.74959531598468 70.39540427886114 69.8117810040738 69.1775681203062 69.1004845767854 69.10017201228585 69.0742919670039 68.68016011256756 67.95258862047434 66.79568599729993 65.88400359556788 65.11710744087364 64.33887668859283 62.80367119201004 62.044749103691515 60.89851880841214 59.90867729582485
99.35881633063867 98.58231422607315 97.57150891241663 96.66277361160671 95.75186933796786 94.64475347888948 93.46178134143184 92.33278296738469 91.08871321006755 90.09977115232807 89.49616787613095 88.83951683597896 88.56942203244547 88.24595884276917 87.82014212885957 87.27225137205672 86.63776490671563 85.69542189914334 83.57440410394784 82.79123303772967 82.05265864441999 81.32557473778817 80.00306949234299 77.78012339465167 75.41947670577174 73.71084411899095 72.73772065060815 71.79166454627678 70.4597090315756 69.64452720318863 69.30377647270807 69.13203785558859 69.00804341919965 68.95127951816286 68.59055653254588 67.9631296022108 66.88015765897859 66.02116688103568 65.25288001174792 64.11045190806281 62.95675175715675 61.59226269690565 60.681660446276275 59.667583652784266
100.1141038619142 99.42831121248035 98.05706348647313 97.17086111950647 96.0661955734627 95.19664761114191 93.97045911309708 92.66688515635941 91.67675148662103 89.5229220637291 89.22295563775289 88.38267299497477 88.09704084457651 87.74255575881888 86.99581419362733 86.44714645424925 85.8453563561241 85.24287558667461 83.16954522538552 82.46775556267133 81.80047968223315 80.58469525077325 79.36396600011854 77.90830848253489 75.7459307538245 74.5713731966212 73.13727897948777 71.61757179986657 70.61310737551885 69.7333026816783 69.36351593131202 69.02480615253916 68.891403364993 68.60036973023338 68.27421921909016 67.73632751987996 66.71036482830267 65.93400490024587 64.74215402204476 63.796264267687796 63.030288029619086 62.25685017457124 60.45841306346292 59.213608475140944
100.60980555034405 99.70644021207275 98.93886411238859 97.49891905275854 96.6400276144047 95.82740062531286 94.66595709241172 94.03351275898949 90.90962739275116 89.69549822893063 88.94088718390941 87.86366548263685 87.55075107580087 86.79740980010152 86.32701328393685 85.79177760512215 85.22395967560614 84.66607780057468 82.70897316487344 82.10219983567517 80.99703652078601 79.90672281272377 78.62849339608631 77.89291325504927 76.44523465893198 74.99671839593371 74.03277912417312 71.9969950880198 70.7300185337326 69.86425246932377 69.20602024332962 68.79274263770299 68.70249500591474 68.570293213956 67.91964688668627 67.49586877178392 66.2842697686058 65.56708192670989 64.3209408464975 63.54407320442645 62.443165116341426 61.664836269415716 60.32965992579022 59.00700023637993
101.11406863066323 100.03166553694072 99.25187937437047 98.45592402845921 97.13131455278892 96.00717721702337 95.32966445277914 93.09163714248018 91.29694717836271 90.48032010857095 89.52338783744212 88.56386835282875 86.51752505111554 86.09864724663439 85.61459714639102 85.08294932280302 84.53454848247587 84.00726809500924 82.83805830002612 81.73044407488084 80.28681918569565 79.07063568487627 78.51818338962102 77.33135643351928 76.60676317999616 75.29748701265348 74.38882206711604 71.9721092484517 70.8413465431767 70.04010921178926 69.24074920543018 68.68380077950991 68.48092402973123 68.26105998697093 67.97268735297324 66.9569930166202 65.97571841701021 64.81981570709648 64.06422953890709 62.93352507344091 62.15693918107882 61.38286138370797 60.58411718527008 58.831850661333895
101.40794375031871 100.7201668944969 99.68049954087745 98.89972749265985 97.24912876725791 96.22172644789316 95.59640455617614 92.8674631788157 91.47387408114832 90.96712146221756 89.83128774742275 89.2981831478189 87.0950978022806 85.3921243392094 84.8938108995268 84.36112133371846 83.82448110232994 83.31978527298479 82.56013293347144 80.73964720368963 79.98526422787113 79.11992937067801 78.18749418437761 77.61266640360257 76.90314844687974 76.07528469979997 74.1793300150563 72.37052736308377 70.79655762495615 70.1101311844407 69.55028182341437 69.09917897245016 68.2587936330871 67.9427311000595 67.59795724573405 66.43103195341223 65.01609088718897 64.00745986341211 63.250008042634015 62.47878093331846 61.72908587075244 61.00577923806192 59.87145257087954 59.066979321696586
102.1498274500381 101.05246710111031 99.96453154638068 99.22451328100898 97.8896706118536 96.56805566873183 95.68487315746599 93.09322394277694 91.62324515068897 90.34011954681482 89.7381796985194 89.10886918466836 87.60811633520336 86.10589424357318 85.47867385727884 84.23905746493496 83.14677128879734 82.35067515567002 81.60676753649665 80.19474215890743 79.97754526152833 79.29031289907938 78.54751283344193 77.9901093248434 77.12499889658712 75.72560524188512 74.74874894260098 72.42960632290203 71.4850269961268 70.34901957872626 69.66486298249035 69.08229427370304 68.5731182033543 67.60160227410648 67.19895526261787 65.96203321336635 64.69679347875156 63.587595306525465 62.79408617377898 61.99055472043798 61.250430390144516 60.589394496038324 59.572982553328025 58.84767650691202
102.30014147614216 100.9075846679573 100.14532216115981 99.27521197681156 98.48019951209018 97.29976932548254 94.0206214459574 93.2928310218571 91.79104168811307 90.36960079887129 89.68728873624288 88.76706189934075 87.22294589258115 86.53272056792437 85.77838218208375 84.0580664789114 82.42115619553759 81.62023304179071 80.97939483697552 80.3972272176519 79.7367623106425 79.3088923982456 78.94304843538164 78.36173393293143 77.45813347476947 76.04464338649515 74.3040849184797 73.13398079079441 72.04291319641312 70.8118843859435 69.97425546434684 68.99935510699426 68.3491353397391 67.47043693857805 67.00622857056904 66.08016904137584 64.43306506612454 63.308531361948425 62.37685210025236 61.45981722008585 60.70078540550601 59.8367735613164 59.090447800395495 58.43494912242672
102.5126336084764 101.35553714459164 100.1017063267928 99.3236725087489 98.62167338881696 97.99786576465847 94.18944939300894 93.47140285679191 90.82829944486089 90.14594671129576 89.43185448805457 88.67102998448884 87.04905452562434 86.27029543467708 84.96960642522873 83.82120271899039 82.59804355475677 81.61996372625089 80.98701152242282 80.6167074283929 80.07615942847227 79.83555550965019 79.41779235592665 78.7963463482384 77.64705962432511 76.52873618368776 74.71203571032471 73.41782586493424 72.20375020322948 71.1018817788791 69.93076293296492 69.04658798621108 68.06383247837051 67.34161148375776 66.57906223092844 65.72927568081818 64.43146539023614 63.20291978672083 61.99454975941163 60.85476645807272 59.87044820517159 59.27799596978992 58.86353764523813 58.28402331151405
102.78580927342367 101.98571974623684 100.87783505747 99.64346635446425 98.62691743224067 98.04991580172899 94.32615485388364 92.4228377972394 90.97662107937825 90.25540061719428 89.48595005108069 88.65706502146813 86.69437825814676 85.30386547430119 84.43914145964231 83.57608423969705 82.75263451810966 81.35845396225886 80.65146305917266 80.56280989396788 80.393146584771 80.23494981687152 79.9193215609057 79.0762405697787 78.07981738420237 76.88159953930175 75.00492370335422 73.60037616093229 72.27727275647585 71.07883253917613 70.0010966258356 68.98576804888893 67.96161336619777 66.9465344207505 66.17970563553747 65.65322635520775 64.8177251403008 63.47229810781563 61.64370083423587 60.185823656681926 59.187641630833454 58.87278232876588 58.62696542491881 57.98542657282865
102.53053094440129 101.61800883668795 100.98012512293175 99.89875383481338 99.32587751727152 97.58579076014522 95.323570946532 92.57482642143057 91.13042742392838 90.3413426290206 89.48714496923645 88.56388914332939 86.8047622548172 85.31612041101322 84.37895092915879 83.45713338767193 82.59142722238236 81.09888228106284 80.60358532272271 80.54353241637796 80.5285302525124 80.48530865299081 80.12210252973698 79.42394940184094 78.44511223039349 77.06552258782064 75.16102208601973 73.67677004591914 72.26895659369143 71.01035739187427 69.92321696069952 68.92572666167239 67.83581364424538 66.52488498375307 65.78276650103172 65.64640608753344 65.09047669454921 63.55131620298735 61.5107132564925 59.59995684486278 58.746945826689576 58.67793637087328 58.55430141840471 57.97091352014115
102.80696656141957 101.15203928235557 100.45735203872789 99.81949698646879 98.58349188213784 98.06230095747605 95.34055049705574 92.8351858406063 91.43812845032248 90.62964551380047 89.739762565418 88.76939324845887 86.44076103667307 85.44162778350477 84.16021677381114 83.20702015512535 82.3505061394004 81.38986422317785 80.75889143529255 80.52392375487052 80.51401897380394 80.491219754548 80.15611760315845 79.40725688843929 78.4442985120986 77.27502773269995 75.18722192983097 73.66566021128091 72.19703173345249 70.90235026042156 69.87527292849363 69.06376630650735 68.14976093208499 66.75442840803282 65.82255887535946 65.66367157106568 65.06823896626338 63.66934718324354 61.44358546153729 59.43317211904764 58.73860790934077 58.66708407648832 58.49576847933172 57.64931412945036
102.46530923741261 101.02006466028736 99.858658977538 98.634133765075 98.05870654084609 97.58257544018026 95.09553967561159 93.38064646330932 91.96325912776781 90.96955255318872 90.00680509135853 87.62842205477922 86.5487246490259 85.45047576419766 84.3719193820394 83.35749839527688 82.45544476529334 81.30483438776545 80.87000328962345 80.3960524747956 80.33523809613071 80.28243374192212 79.93351603327967 79.26043579349302 78.42291595134422 77.16041154566734 75.40068323528452 73.61831874271243 72.10894562586748 70.76964846521346 69.79960090188403 69.26569112990566 68.81283091024616 67.68145166374008 66.59426025105083 65.94233140836904 64.90452804393861 63.61623132753605 61.71941255264497 59.85242312893535 59.00300427272363 58.612646878385604 58.160546414788996 57.128933531604794
102.04899848286642 100.82749851229316 99.2164205428217 98.06983486858203 97.54769690324412 97.13290723479629 95.13438026641549 93.68172710373402 92.3734876818518 91.46874850085004 90.45406646283267 88.08358914826927 86.88697633681173 85.67684903604204 84.50198527767508 83.41352248181397 82.46117525405921 81.40836230323653 80.89355278992043 80.22513035938248 80.01525919682489 79.90460809316342 79.65637808885509 79.03285199136441 78.31082141079678 77.1576380755839 75.34643934346525 73.61205208862513 72.09535998742892 70.69885288896707 69.7070786805525 69.31343292258585 69.1975058148415 68.4913262330125 67.42415463085597 66.36180719338086 64.79666172706034 63.595190485151214 61.95253995788983 60.1705387029924 59.17585908944803 58.25967343334612 57.59555285983293 56.704050159915674
101.58308382961958 100.22109622487373 98.5298116040572 97.54258712179357 97.09520670557141 96.75703773168914 95.00903025416396 94.01278658332255 93.21132476620112 91.86652868412928 90.85072721704329 88.62708251133704 87.38344456153375 86.12022448759267 84.8870017893716 83.72915939893117 82.68759366429626 81.50908599789973 80.84994811249179 80.19299518091555 79.74144506716226 79.63105217856501 79.38645574542772 78.71992341852882 77.99262700407006 77.11951328911313 75.4688168386221 74.13927831013379 72.32597300772213 70.84452205339323 69.7956764951242 69.3433687364266 69.22565368728468 68.77105223189083 67.91085163217566 66.68511109843577 64.7591880157061 63.44973510817218 61.89895789471882 60.05656576867795 58.87217181598346 58.12673364219555 57.332436721051415 56.27888279765202
101.10580750960864 99.24731011049637 98.26049219895158 97.09967796837724 96.74939264934612 96.3714756963505 95.77188423971364 94.33476327010405 93.47572217385807 92.20239245286402 90.33976997841474 89.1436702490019 87.86866120422486 86.56919899480042 85.29966400868251 84.09153344300303 82.96292240177624 81.64222779640977 80.80488218433946 80.14092930073997 79.69664064103935 79.62788016113782 79.29552206984636 78.44620439150648 77.62288738006986 76.84106141547088 76.01161923455437 74.49418893641234 73.09957007008761 71.31111761364588 70.22176576851878 69.53977926171943 69.16540109952173 68.74911536339742 68.0395977975406 66.07637548862643 64.55872383897444 62.86472800836681 61.66478206617451 60.19351870030797 58.673753103141166 57.82801659316998 56.963019527039826 56.05954443669982
100.47338169312827 98.85173491711238 97.75096018094118 96.78484147188523 96.54938777239606 96.34687820784768 95.85713410267932 94.57423379236592 93.60100337914403 92.17140891789609 90.78260540033507 89.59839516267212 88.29773901517422 86.97576469080796 85.70581384928067 84.49697332679489 83.32723998831281 81.89595687182965 80.9164953467367 80.1450603374412 79.68065795388071 79.59858676146273 79.09869917822284 78.14805571561794 77.05409420308658 76.45265637938947 75.93665544583362 74.78262073462167 73.62112985089304 72.00089691301939 70.90809644478713 69.96105766909086 69.21904054199494 68.7124783562296 68.03021893553866 66.35020652249247 64.22452227061478 62.671507793388926 61.54157205335102 59.94405940910236 58.43829971550021 57.575371375805524 56.70834741744377 55.83185770707417
100.16440256517545 98.50513093249961 97.48250815334677 96.74997938195298 96.48998574250254 96.42165150414165 95.91591220804706 94.55571816035797 93.41794993521897 92.24701260690846 91.11319908757659 89.97865715669731 88.66688560749222 87.26999163626427 86.04666073115986 84.919217292231 83.79803180925556 82.3310394673242 81.2698203438472 80.42315842009965 79.65556135499138 79.26931719758095 78.52350007179957 77.32188560815358 76.2625885444516 75.96179606416732 75.81656535654906 75.05132217262424 74.12701895340744 72.65017057899846 71.17675637163134 70.39975800744864 69.35349687665907 68.74295155828872 68.0526596503793 66.32562232085618 64.19006795882363 62.70627876285874 61.16313597497277 59.75946496676841 58.23008185671224 57.41516665550011 56.60271250563221 55.78824926105155
