idw.asc
NCOLS 250
NROWS 250
XLLCORNER 2.0
YLLCORNER 3.0
CELLSIZE 1.0
NODATA_VALUE -9999
[rows 0 to 18 of 250, columns 132 to 175 of 250]
81.80127482206406 80.57144700743495 77.00436108945541 75.79148765832812 70.14811576595744 70.14299602564103 70.13666959119496 70.12870807086614 70.11849095959596 70.28002423906464 70.19712009545117 69.93617308828473 69.95602653191834 69.98492769743766 69.97702110203078 69.76444179324203 69.37603462924857 68.7594745076924 67.84950637675128 66.20528820289162 64.96498796422934 63.81638852224324 63.276563068172564 63.105937641694425 63.00449840647109 62.477818422326195 62.36912797497285 62.06094042629124 61.36119163321791 60.69196004439156 60.44279775391244 60.447861744255874 60.424417744478305 60.14309800794761 59.96821230987418 59.77715404848464 59.574802944572276 59.36927524658235 59.17423143466716 58.00988301833709 57.652584149363875 56.94025324609886 56.467058462288904 55.215070257990426
82.42006825842697 78.80161245271529 77.44639761585597 76.13184937256078 74.9110942334863 70.14753558201058 71.26911811563846 71.14392627677675 70.99390744290241 70.39138620607748 70.29193993567526 70.01277134793419 69.99867023425993 69.99732486147823 69.99384756458234 69.86935529923205 69.63550764694237 69.1483034893639 68.29744490966473 66.95006830636292 65.48462082184146 64.37075381713436 63.38146543852759 63.06337437671196 62.780762444261036 62.411718505267764 62.33058836292058 61.930451682983566 61.0096584888666 60.26969804826084 60.22232635052684 60.26749637732678 60.218334754285394 60.06691621557835 59.88286202402816 59.67979561252885 59.45091503519195 59.209323430203774 58.98252969376917 57.960397718172324 57.61573081757049 56.97213771893911 56.52651328233625 55.98601163731556
83.04474585603114 79.38513288656776 77.9323895526644 76.52093269273621 75.23759449024246 74.32422987863029 73.53441531596911 71.2879900215472 71.14821722979714 70.55083423534892 70.44484845222682 70.12772235744391 70.08290641721405 70.05885488140221 70.07870417340337 70.06387054028427 69.98650780853797 69.58347871310697 68.7734109312874 67.24063162613109 65.92370433996804 64.76458748949864 63.90907870284555 63.34383028522842 62.76322824730007 62.43884377825252 62.21510446693956 61.729097898684095 60.90868241033181 60.259222038863115 60.2063667539898 60.253064741931645 60.16470775209732 59.980713041981105 59.797321608339864 59.58863414363044 59.315737122056426 59.013337259874945 58.74264551763235 57.863036216287796 57.53933998379022 56.97138560657092 56.5648778439006 55.17996341122782
83.64614583665339 79.98288538350273 78.44507559340533 76.6012812904327 75.50707549086205 74.56348460633576 73.76380292375632 71.47950953495989 71.36476860541185 71.22154538864629 70.6808832469513 70.32887643539327 70.26888200671374 70.23580489662838 70.26423346813928 70.32124373874211 70.30315407999569 69.9329175849667 69.01775684663428 67.6581865367112 66.3633614696187 65.19645442421474 64.27900550163203 63.61235287441097 63.01595722682052 62.418158779486966 62.096191263371566 61.64077395113476 61.010611723421825 60.545538787735445 60.43745482280325 60.31134945600404 60.11799666775819 59.873399794413146 59.723820224013984 59.52178662757923 59.15941696897021 58.75089799411203 58.31878205599392 57.7059663112712 57.41526486367048 56.927197666104455 55.886536176816044 55.27418065511588
84.19360234939761 79.6486436409883 78.22581068228982 76.92702465548857 75.78982940558343 74.82585866789337 74.02712693056952 73.37321361422057 71.6441440315228 71.54735893833131 71.42177177680524 70.92664246112754 70.57708273341517 70.48520436586877 70.40390845021282 70.35365894227002 70.33108191105444 69.96083081408624 69.2135403104023 67.94408344382217 66.7323456388384 65.60098236944897 64.6592417745704 63.75828816465371 63.20560098333516 62.7557812413694 62.33748505456351 61.654748468036075 61.037202957820995 60.80584877479478 60.69661929141628 60.48521185584031 60.145349520243755 59.74303359726474 59.67426049726243 59.4773988400188 58.92963406986602 58.284762850504215 57.940972188302645 57.49203176974966 56.78484162141166 56.377013049289324 55.46273502748473 54.80630880282007
88.92843827659574 80.07446125 78.58650871597128 77.23783615173484 76.06998828152825 75.09592746368149 74.3076158558604 73.68421567934149 73.19837702481004 71.95297418532819 71.90598200000001 71.44868503427608 71.34904364721105 70.93491533352451 70.71250747155577 70.52381142960502 70.31047270215464 69.92160389062263 69.28546234518394 68.11906805071972 67.01926280290304 65.94986140486004 65.01270222337371 64.02079367716509 63.40482890188928 62.89112552677903 62.4333265624244 61.35376627101103 61.12021918499221 60.99732270626331 61.04228272715327 60.99091565027323 60.59667680175336 59.83520583136711 59.70134761046047 59.42221486596821 58.619929472746044 57.84283827255749 57.55565827302101 57.42353311059805 56.39578917636112 55.92776038755457 55.4401714410001 54.8628410547493
86.81248502678568 80.4223944510108 78.89411421261268 78.84276014432558 77.94013811203311 77.13237988059167 76.398069223951 76.35988371693479 75.77637202942098 74.64780292780944 74.28791447629554 73.95069727417457 73.61892127745365 72.25813271766474 71.89984018349234 71.4921158015003 71.18239762758562 70.05691558850522 69.41704133511747 68.27705719739693 67.26024075948534 66.2478253534489 65.32646523650045 64.26080730378706 63.59873540314579 63.037102574323 62.5968641841285 62.03354981525016 61.48887588842319 61.38422908132181 61.438523219378375 61.645955074169855 61.53588179339399 60.584312061766575 59.96626016455941 59.243167871235045 58.06158287448429 57.290322834808904 57.21509865414557 56.98659181461888 56.576319143048224 56.02201115634038 55.66798394411309 54.75548755379449
86.24113879713396 85.51243807049741 81.79367087093205 79.21275886504934 78.71063177406323 78.08554733282737 77.50528995679706 76.94616716940267 76.40013755261056 75.35759383828848 75.024001441137 74.7526355617631 74.55871278710136 74.3866708912275 73.8396464313957 73.09523114515447 72.18375033919759 71.05765346569335 70.3504732160789 69.20300856903256 67.4940340343477 66.51195789390019 65.60358316432465 64.64558773716446 64.01173279195419 63.16529643274696 62.536306533961046 62.18727951855579 61.89610949264818 61.508140875672765 61.468743407328994 61.695035190694014 61.635562455427234 60.88201925430573 60.031972162482305 59.158828083586975 58.08901989084882 57.26926700981948 57.15585494675674 56.754463685011174 56.14407936196803 55.77993195631088 55.59109574101528 55.0973970316532
87.16912340488055 86.59103769913943 84.0362982847531 80.9943991930858 79.12297629362186 78.58448190164725 78.0776662053697 77.56988283465975 77.04566277978023 76.05802113755377 75.67866790057164 75.37076433304166 75.19588195588263 75.13764163015156 75.03562716837654 74.75088308537865 73.60531328375417 72.64213958722561 71.39430258888147 70.02125076874157 68.65658406249409 67.64643076113678 65.94614932321511 64.86649431624915 63.85453129090831 63.3757909200302 62.72030579472744 62.3785614595337 62.08584016981539 61.45553408147741 61.455163337860604 61.47227066139263 61.2430592014121 60.76458312462267 60.084437799485706 59.277118518693214 58.34200991543214 57.59329462522223 57.13377769994873 56.45078108791242 55.69115768087504 55.57582519373097 55.60668557553195 54.88022786663677
87.2357876717971 85.96697967984764 85.2529713986467 82.71488051033332 82.00277749045082 80.15578462342927 78.70065926132713 78.2526714673979 77.7453982900893 76.7857974547954 76.28936505637421 75.81835379590115 75.47871528429205 75.3450494456997 75.32448965890045 75.22306458120168 75.00798822985729 74.37742541156972 73.23363217254459 71.12748628877094 69.39673483019851 68.00410936201604 66.69317145949448 64.6230783868342 64.06278368978604 63.60424268827994 62.94221066545419 62.62517167984924 62.34891980314162 61.57488806432149 61.36561522124915 61.27947850492069 61.09004465737658 60.734211435560226 60.15972040803753 59.492682343652355 58.58893765429195 57.92145335344186 57.14614656845009 56.339794774721405 55.65417182619803 55.595812563584296 55.557125495695786 55.04628363703922
86.91716058483985 86.35226249391545 85.74292170384365 84.71337588961374 84.11940933890683 82.54549028643163 81.94324830118148 80.6730758819742 80.02248185934646 78.34085707986725 76.99991990451927 76.32373121684424 75.72676507679512 75.40034129810131 75.3871409052863 75.48128460972265 75.50924637517323 75.469733376076 74.4715175184379 74.44426258583027 73.97289280362337 70.66397292450569 68.54361969818916 67.65905088352001 65.32229854640045 63.915287328658536 63.211361284103276 62.58210975237603 62.423724238432264 61.943728401946984 61.65445693887488 61.477916429991716 61.25752989648276 60.939128155822026 60.50440590077038 59.72847635778856 59.05041576210746 58.321993538012144 57.326600097971 56.577498574949125 56.0336490046206 55.8295101559335 55.701180592277694 55.13695458390491
87.05378288661855 86.46842405703076 85.8404655383451 84.85268444176835 84.26553528684782 83.70607462065536 82.68788772765201 82.20025571835218 81.04719719574643 80.39875767366811 79.55397768194072 78.4888374685129 77.3802869095642 76.38080145710249 76.23919435308889 76.54251902771418 76.23123773072784 76.33817114729561 75.88294188466814 74.84208187658602 74.34636217856134 72.3017880305726 71.48620729041463 69.62841225322471 68.67154752294516 65.65680169218432 64.32762380205745 63.07554051281775 62.9867737156945 62.298582472755484 62.237466530594034 62.06664064427764 61.805222372334704 61.48568690849409 61.105887481787626 60.38487077151539 59.676848924652816 58.84099995577828 57.75287528237686 56.972608607578906 56.38613087901706 55.99399286496095 55.6557000507043 54.994319482344125
87.65713418587738 87.1185804647361 86.52594698889293 85.50344041686502 84.97090672832589 84.45532957085423 83.97173442372798 83.38473568418576 82.07687545466793 81.3588421684833 80.4180990936506 79.6602030710514 78.86088093677834 78.1725312188275 77.84668466131612 77.59231770341593 77.72845832203862 77.46551606600673 77.3962529978934 75.23335081815468 74.081198436853 73.34814433682484 71.79693260474991 70.87487442444855 68.88290303003681 67.22427378056152 65.74329185966278 64.86350566219623 64.28782914957004 63.32449923666084 63.31658648604235 63.08157015429334 62.67447426295967 62.26148862288683 61.916713869420654 61.27567514456026 60.53321318086632 59.54708814277744 58.25215926511615 57.30245197345261 56.53359635770829 55.93516864597907 55.47600891890986 54.890459548871874
87.94984734433481 87.04491803208735 86.46640094776272 85.69790409721932 85.12522263395346 84.57050162387047 84.07977701065116 83.60228341745433 83.09720850698596 82.54192503857655 81.69451223252499 80.5886896753758 80.10816807422896 79.6234484684731 79.22092143165177 78.99546712856437 78.23936545888094 78.06886068895052 77.87984730410379 77.64863530636305 76.64482687617038 74.09045220814417 73.10724931164431 71.28356652435745 70.16487089700531 69.09736019567467 67.4561889410913 65.80432426185708 64.65357750993194 64.79181434086173 64.5246845693274 64.23625217337413 63.53444202765425 62.876878148999886 62.580364982593764 62.19123749049626 61.43699638099735 60.2681142570121 58.98308647827859 57.506977576555116 56.474304591479495 55.66498751390554 55.11470755028796 54.70970670890356
88.71343773698383 87.32173021457315 86.54855577434768 85.94781073727185 85.32174148753755 84.59645967809941 83.95794624026477 83.63274076961301 83.39811546101792 82.8745029582357 82.04600042263627 81.29376692637032 81.06012725626148 80.81938285538291 80.64789524660135 80.48511292078709 80.00428080174969 79.80068432515262 78.8717823582806 78.59366197316857 77.49639517534841 76.88198555772043 73.49017092190157 71.68352102705506 70.49856929078142 69.35654590341 68.35898116012251 66.74578364874083 65.57709132445457 65.6975914680436 66.00434731262239 65.7279145729438 64.43371049777879 63.227858187482695 62.874362927019824 62.76613646889198 62.069332878733235 60.802991069366804 59.33324190651528 57.82046237856354 56.26241294524897 55.33000286580875 54.876629873741024 54.82926457119541
88.97329343663516 87.50310158535055 87.03046503391431 86.45365551482645 85.74287097054616 84.96716106020844 84.1288138457583 83.66142925063906 83.58197649428176 83.18456656182214 82.0640294424182 80.97820330455993 80.84890595288559 81.15283860077338 81.07705978324189 80.93816459402554 80.36637773194397 80.02630273491997 79.39015059716385 79.08715500436466 78.13196674341043 77.08413754106324 76.2958162126469 74.81359163276366 70.88058854627259 69.6440076640577 68.55828913156542 66.96926344611931 66.49471225705322 66.6833467531849 66.88764497149893 66.80733018948955 65.37058395116951 63.5772174885708 62.92878426203425 62.810963121869875 62.22962870904729 61.03464515301731 59.5123635488524 57.94228068418375 56.143377340109836 55.24720528644977 54.87824015244766 54.80904205830047
89.24415842847694 88.51304465066633 87.74001967549776 86.79936360421536 86.2206393387486 85.3308788305548 84.40841235999811 83.72962593832182 83.63803836674973 83.35759879835322 82.28953542306415 81.0672679752384 80.96426447285108 81.50292881056946 81.75851054982036 81.4334965645979 80.53318707016126 80.03841436107876 79.60227192245242 79.02260288457238 78.23854641808417 77.75747144805851 77.06866498586433 75.11845600752639 72.26066996572551 70.44542774496142 69.11665815737106 67.16095084155042 66.60447318891535 66.73928042932491 66.97760083739269 66.88053950914612 65.83300823056848 63.933398563210424 63.06447325424347 62.72353687597757 61.98913421615493 60.89413080709388 59.458526363516775 57.95424068536786 56.62824442453353 55.675815578094806 54.95173796459107 54.72678102627655
89.41283811311477 88.75915099911799 88.15150188328194 87.61233947348393 86.85261273469722 86.20299717195407 85.2464937116355 84.42399655432104 84.05445752511368 83.7144744094229 83.06094417489312 82.31501564332312 82.0152867672782 82.16334102232761 82.16902387427642 81.86535984160717 80.7903379710897 79.803644100865 79.23625112824719 78.95238588356864 78.25456297077838 77.90137349487131 77.30375592682715 76.08953590119673 74.05583003912318 70.83652246303687 69.43364411511426 67.80821650271554 66.88790101386704 66.76307688153292 66.75024265484355 66.56348581825704 65.88229576390498 64.53449577708905 63.40132790249876 62.83602019016851 62.249827453956584 60.88211787609362 59.59782999280837 58.21462284303343 56.97798704587868 56.069720765710954 55.2787244754648 54.664224505887134
89.40301738020497 88.88292137265294 88.50623060087199 88.12256971186876 87.85080954733574 87.4575339165434 86.36057850159176 85.34072200706859 84.6761254022503 84.2451600237217 83.89657398595402 83.55906634328322 83.19426674545706 82.95009058917707 82.62204436050528 82.02961896557338 80.83973821143147 79.53753430194878 78.61317882831996 78.43454590250586 78.41598797980859 77.99658901140849 77.63804069725616 76.49338956129981 75.23035011071099 73.71006020995439 69.85145481835391 68.23082144622624 67.61153184404854 66.83813806541714 66.62987197392104 66.35117692804633 65.85634579350497 65.1809159154358 64.17152643453575 63.43552696598565 62.43639596750236 60.63191315615746 59.631003568435034 58.58810930833997 57.62285906156021 56.836619330911084 55.86973810151376 55.43734111343386
