idw.asc
NCOLS 250
NROWS 250
XLLCORNER 2.0
YLLCORNER 3.0
CELLSIZE 1.0
NODATA_VALUE -9999
[rows 133 to 151 of 250, columns 88 to 131 of 250]
142.69007296447936 143.40362524103432 144.41219857218198 145.0060608621433 145.82759817693827 146.29207101290507 146.92426201326518 147.271407787086 147.91619604996683 148.6488971025568 148.58027186750974 148.56984012696748 148.57448058337303 148.69960930733347 148.85294667114186 149.06450126745008 149.33033866552483 149.56115975697125 149.55877345896536 149.33609649337072 149.09941784729637 149.02403479458488 149.0353261622808 149.0690027374715 149.11870245682874 149.1292337065519 149.0530772026416 148.7162649070963 148.3147979324591 147.66833868239985 147.35907270087094 147.2514036264096 147.16568497500737 146.63602612232415 146.14987509225435 145.63809791282046 145.13994473314756 144.9444803421151 144.95521763495634 145.0580458963434 145.04999154833814 144.82328770274515 144.3105090085023 143.44763310009085
142.88991955477164 143.5736352140659 144.0046076036193 144.93685982949643 145.87628842975192 146.3774239807774 146.8408335962315 147.36594351913735 147.78862226484804 148.24203173767498 148.44746226342818 148.55532268328878 148.58062128846146 148.68030012641097 148.88643938121578 149.0495049579996 149.2798498104896 149.40858076035553 149.42162569314777 149.33286445897465 149.1811184421134 149.14402081326884 149.17107288897725 149.2385911707808 149.3432988024975 149.41361736586953 149.44326755471286 149.3143744838253 148.8798626201047 148.44718847854259 147.86183920542683 147.63166834866553 147.4593274865847 146.86225493056705 146.36139588050276 145.92119270385342 145.5442355961952 145.21315032224288 145.10552401930914 145.09078912750383 145.0721341778523 144.85621422896898 144.25994854886738 143.3729598653025
142.8350832674973 144.03479304143426 144.5106366626192 145.04848199934753 145.64383566177617 146.49202287246104 147.0537286317663 147.61177820286923 148.01818920185414 148.22650651659484 148.49214010507876 148.49911410851428 148.72886928555192 148.71240538850734 148.84560101999384 148.96891138413693 149.099806215625 149.31308333549237 149.33510787049931 149.32330830080022 149.32328322640436 149.38941540504752 149.31843873199952 149.40488693162007 149.52423634375035 149.6770262073514 149.76295644996705 149.71865383857477 149.4655067068064 149.0176401688341 148.6606546776707 148.41633201493246 147.80295681109277 147.10011595530784 146.70373101937253 146.29636239913881 145.92576905575146 145.55040939190002 145.29276357971688 145.18196184411917 145.09897499053858 144.86827911593718 144.22845957818427 143.26599878833815
142.9553692070001 143.6943130460534 144.45071301687975 145.0386568412685 145.70606612221985 146.44192070202888 147.1961694301912 147.8820768486064 148.25329601434726 148.394803832276 148.36175219591578 148.56024935743605 148.5861915226142 148.81302626112486 148.9606148298049 149.0793330574333 149.02812077020533 149.12919519779064 149.32157459266 149.37254204319802 149.41624336779716 149.48439461315252 149.57609369219446 149.5586348693112 149.68671871088256 149.8250785328906 149.96365725211717 149.95570815904819 149.76591498389757 149.36969780682057 149.06802124727403 148.79802822074308 148.5754065492848 148.34683551468123 147.4811066685037 146.5933396988641 146.24875101451704 145.97825306670092 145.65153421815464 145.5519165175717 145.44128753484563 145.1568348477084 144.44874065971646 143.34357347599507
143.15937160838303 143.6153949478822 144.36373908036987 144.9816284896908 145.69287024248072 146.49846280487154 147.35946566148166 148.1411142556777 148.60978603914626 148.6392666876816 148.47647068589518 148.45685386505667 148.58453075113434 148.81191191819516 148.89462572713708 149.04424005170827 149.14110026350437 149.26318906240775 149.48286464999785 149.6517105901467 149.81541308738193 149.85806850112206 149.89667445709208 149.92954388866502 149.97758045886135 149.8979515443052 149.97085794283194 149.96614335781484 149.82990212501858 149.66291385268858 149.5166898699586 149.1244849983122 148.89022632754293 148.62755612545456 148.33623474086596 147.32204046548654 146.97118564584767 146.70885384419796 146.4991860539002 146.43187810066843 146.40556325124174 146.06051058232654 145.17725286843677 143.8621773771692
143.0679653797224 143.52751424311734 144.25441711577832 144.87693339177085 145.58868843693685 146.39572081479784 147.2342189862802 148.06214413195423 148.5903526174433 148.62328478759088 148.3996495987314 148.31255054447666 148.5090969216716 148.54968540432503 148.81881207411288 148.89537539852523 149.25115614339373 149.3743370845091 149.48630823552782 149.81425529835428 149.85385059615777 149.89050347263233 149.92102238405866 149.94407950040755 149.98101759525707 149.9885119426144 149.9935116100352 149.9945908892754 149.82845358640475 149.76976425317542 149.70854582989537 149.61103463222403 149.16491304423462 148.8820651853407 148.64101542844705 147.65884845997306 147.3493373531661 147.1604723141048 147.2249786312174 147.314389198642 147.53013174051748 147.33857109805044 146.42354877877204 145.14136313077432
142.8428639940941 143.43873574858813 144.13578736609668 144.7789020751247 145.42767016865886 146.13854792439076 146.89901347188442 147.62216410892376 148.10646446344467 148.25970351204543 148.21336767250784 148.15754133932987 148.4424057755374 148.44752317361946 148.44156235916984 148.9314938525342 149.1189076588999 149.25128034240973 149.3536951669768 149.57929257660936 149.88063155067306 149.91538970959954 149.94279027190285 149.96034582887702 149.9859229897921 149.9998095664163 149.99999999999997 149.99999999999997 149.97460875216896 149.97725430767392 149.97093469621174 149.94173009562468 149.88257698164733 149.78783698361443 149.0499984442714 148.79769333082533 148.53289392909917 147.55381792991554 147.58710251023683 147.84415166685707 148.21937511797077 148.17952507089132 147.33094318055205 146.050299953547
142.77196161176897 143.2747389054613 143.91381580696236 144.4788816552753 145.25204035991678 145.86634745162107 146.4864858137791 147.0659324839608 147.50466589574486 147.83842029699446 148.067516553433 148.22774032686922 148.43948243640384 148.65957281259378 148.63870711699383 148.90140094898865 148.94156054482667 149.0882252328579 149.29903400074565 149.44538829812134 149.8155158806153 149.9589677716905 149.97783666827658 149.98814390222563 149.9998662833356 149.9998397836635 149.99983257558137 149.99999999999997 150.0 149.99427965711365 149.99306768165712 149.96374834421914 149.90374424326453 149.81898470768726 149.6862050260604 149.51682698889687 149.30061115317895 148.52152470517362 147.7666100415833 147.9621738022886 148.25610865157105 148.2243664160377 147.57593622183578 146.562464442372
142.6746517078791 143.1036810362063 143.70358598877183 144.3968262759104 144.95847701472266 145.65494924212032 146.16148381512622 146.6513070443909 147.11564857182273 147.65666810527821 148.1824485532586 148.5228775016574 148.78194877449178 148.84702981206203 148.7671056647527 148.874940034832 148.8693153470783 148.93085381004465 149.11788232081983 149.35515954029128 149.62886951112088 149.9676711921819 149.9997909223172 149.99995916515527 149.99996550330002 149.99988442876258 149.99983649091368 149.99999999999997 149.99999999999997 150.0 149.9931862636325 149.96457646907237 149.9108860399294 149.82773661441124 149.71681636668592 149.57042150698442 149.38289247326423 149.12806499616724 148.88291815864724 148.61872028133652 148.07163624339182 147.9617155195323 147.54740381629617 146.8648837704146
142.39215553970584 143.08247196087 143.66876879133864 144.23000526495335 144.78765627766631 145.28038979777384 145.96966140789183 146.40238416244387 146.92672621833015 147.6753020121127 148.5474543817259 149.13294365470867 149.31078065520674 149.16554802180153 148.92591483834101 148.7588432732809 148.88332383555672 148.92895056482075 149.0487841856209 149.30890358700623 149.4961988649704 149.9323235950229 149.96978999008797 149.9934889593648 149.99996476376953 149.99988307651142 149.99983531629135 149.99999999999997 150.00000000000003 149.99999999999997 149.9733738018927 149.9491641994257 149.9044436627347 149.82999055265486 149.73620747772864 149.61506660382304 149.46326440755126 149.23731185568994 149.01299129021655 148.8146868265584 148.71471698816418 148.6634417120865 148.70874995140275 146.97388069966001
142.48049616236568 142.8368283111138 143.3602676742148 144.16485182921065 144.77736345718216 145.25704544691018 145.8027205014816 146.32325485870035 146.88766589377389 147.71156981443366 148.84611534124443 149.73785352414157 149.79157837327148 149.35584548845873 148.91696676608692 148.64415757211282 148.7017202884758 148.73083707346092 149.07259675809007 149.3108378970848 149.50469232980905 149.73793282897495 149.94694963316942 149.96986076259722 149.97453662713363 149.9998322176794 149.9998213332108 149.99999999999997 150.00000000000003 150.0 150.00000000000003 150.0 149.89543447586135 149.8435537193936 149.74769101372982 149.65298595846158 149.52113324253656 149.38789628729043 149.24753301772716 149.0590124461324 148.97485163558684 148.9452475196774 148.92677998116696 148.59653054521434
142.67075679792595 142.9399171091823 143.31464423893348 144.08712105373814 144.86629003059707 145.41027995271145 145.74340607961207 146.04533314098947 146.5500289967609 147.50585918445867 148.70958129144128 149.70907464023324 149.7710512735402 149.29811185840174 148.84110854557665 148.57050957311318 148.6814542248375 148.73634514677988 148.9228703726782 149.09530194996813 149.2801175005128 149.67959664808805 149.83582368580176 149.93950203604032 149.95055472748896 149.9570556369263 149.9998249118586 149.99999999999997 149.99999999999997 150.00000000000003 150.0 149.99999999999997 150.00000000000003 149.84145585035114 149.78737623621765 149.71310572347969 149.63676519830005 149.53393329462497 149.44291294042512 149.3061681670654 149.24346481230387 149.21105458646923 149.17163118677993 148.6188819731523
142.90082527411622 143.00519245958805 143.30087848522882 144.23099344691738 145.20456649976927 145.78124591618226 145.8557800292228 145.91559072290954 146.27731679020107 146.8923023094807 147.9698534686958 148.80850255463037 149.0422123768244 148.8221357466262 148.49780926287082 148.38448105946154 148.57602834875934 148.72887714090237 148.82723118019877 148.99778476957545 149.16799179123086 149.4054620788467 149.7239181928004 149.85567693170768 149.8913649963454 149.92454840192616 149.97540450274764 149.9764233375138 149.99999999999997 150.0 150.0 150.0 150.0 150.0 149.99999999999997 149.77243137989421 149.72656468236192 149.6616623426746 149.5945193635859 149.54413769815721 149.48185168389784 149.45211006473232 148.90268514277267 148.7676559975268
142.91174550142844 143.01564739526322 143.3738001287665 144.26963335246091 145.2753583542943 145.80211822983023 145.97557150707638 146.06729520590187 146.10411231742498 146.50168592284768 147.16016572168198 147.8371152554198 148.09134287355482 148.07993810169768 147.9946778625207 148.02674721358747 148.34208647975893 148.48289308003726 148.666081763143 148.858456775231 149.0345380138417 149.2570836087992 149.44538977071826 149.82215770474892 149.88447122444728 149.94058834326992 149.98609825712325 149.99326089973036 149.97476313402478 149.95541889697137 149.94242498371034 150.0 150.0 150.0 150.0 149.99999999999997 150.0 150.0 149.7353876460797 149.70823026300366 149.6637760952411 149.27607930797151 149.12057085097007 148.94702259388123
142.6185324443705 142.84737426106162 143.23972843839982 144.114342448866 144.9404866953151 145.59832792033302 146.01870819153152 146.06295755481185 146.021044956786 146.2055722635573 146.59012663289087 147.15165242927415 147.39009480193272 147.48990910033675 147.58682967070183 147.819018415167 148.0909922007899 148.29548504962074 148.67138776947493 148.9055039211262 149.09386700532625 149.28711650450467 149.43869903873258 149.62452492041385 149.78760202927813 149.8903074319508 149.98438262964078 149.98595553863615 149.97153102115146 149.9501383917862 149.9361160463431 149.92920897472274 150.0 150.0 150.0 149.99999999999997 150.0 150.0 150.00000000000003 150.0 150.0 149.65520061101952 149.51176648314757 149.29416039773133
142.18364510250322 142.63263990427652 143.0945676301429 143.73347731644253 144.61588418819397 145.26826187589265 145.61362403584369 145.7467511139742 145.75797502620094 145.96963454660417 146.3048328370408 146.53783769784948 146.91963545413776 147.08282822785685 147.37284726431685 147.5447026972001 147.99130922889145 148.29008769699968 148.63579650544472 148.97085190317355 149.2119198838733 149.4092354556067 149.48370983413312 149.52187595813385 149.74306340626345 149.82573103716467 149.8915525784682 149.93769293189183 149.92391465851554 149.89285150138326 149.866675508263 149.84008499562785 149.83856354629145 149.92630424579986 149.93824947252762 149.9525015626341 149.96234413785965 149.96640419370618 150.0 150.00000000000003 149.99999999999997 149.7835625431204 149.50226757947976 149.20917134299106
141.52939706149178 142.1159325503071 142.647861725405 143.26063833774728 143.97083648031568 144.64557271872286 145.19069808743245 145.47292435606582 145.65354830539937 145.75791985229654 146.05282076387493 146.2665608871614 146.4804888832102 146.89290368481122 147.26713873286496 147.4950598808456 147.88859291150325 148.28002256945996 148.7485247101432 149.270749975339 149.57779233139388 149.6315705231471 149.55683980011065 149.49400598030368 149.60162804183628 149.7208570055381 149.7707276461363 149.7839383850986 149.88421111622736 149.86200566439715 149.84037447881127 149.8280655547644 149.8321873184884 149.92455307878842 149.9436992819424 149.96538143352097 149.97979822033656 149.98193460962955 149.97718077303173 149.97878444535564 149.98543101820485 149.90127589912632 149.6874657916038 149.374089998394
140.86654735796776 141.59559954189658 142.2174705858789 142.86898959392116 143.51813001301414 144.2027342257802 144.81136576551276 145.24289929257563 145.61108693410029 145.68338362554604 145.7534553389363 146.10125520952656 146.32485603662005 146.81543689209883 147.0873983674647 147.3323004056629 147.67074552426115 148.1425977847942 148.85836110826966 149.45090606478945 149.8910158970203 149.9046784004005 149.67370938730156 149.5025490990864 149.56999974563377 149.70731042789922 149.75813745065497 149.77187291917184 149.8262678287994 149.84855540775965 149.82542453542774 149.81305019541378 149.82011549666635 149.85108188344557 149.94490696893175 149.97489647176087 149.9946418698017 149.99512475234278 149.9837469803813 149.985086845732 149.9962571789561 149.96027788286773 149.80407428961152 149.46755180313875
140.1109944189034 140.95121982821385 141.66585661841998 142.39685084643835 143.11504014835472 143.82447686039566 144.57314124414643 145.14385699949335 145.58052244868472 145.63424242087717 145.50049239735878 145.89411496197363 146.13120105016884 146.54467906008628 146.79038875483215 147.01062469781883 147.4090440624789 147.9493748561573 148.64297006723578 149.4190565922732 149.8745559255961 149.891054680421 149.62680611883576 149.48188405453655 149.57552157232863 149.754148094086 149.84000920015296 149.85102502565576 149.7937553442055 149.84774410196206 149.81216783208174 149.79329100284056 149.70958120776316 149.74879991536056 149.82592648272683 149.93740131571943 149.98608601213178 149.98699914772044 149.95595284654294 149.95824895999485 149.9766880611097 149.9525638884774 149.78270330947507 149.44470422323357
