idw.asc
NCOLS 250
NROWS 250
XLLCORNER 2.0
YLLCORNER 3.0
CELLSIZE 1.0
NODATA_VALUE -9999
[rows 133 to 151 of 250, columns 0 to 43 of 250]
110.21537302764159 110.24795941882395 110.29659271161518 110.3581208357107 110.40335152631411 110.32437428917619 110.33256325532393 110.55597557381915 110.75309065548984 111.11043960354773 111.37392244099672 111.66069221482242 111.97455109305169 112.1514803257446 112.33452889723516 112.54867648531427 112.71518419696196 112.90752210944964 113.11260195635002 113.15792116589351 113.49563119959834 113.97988322118407 114.20042770959003 114.29658538017406 114.33484738904615 114.52960178960396 114.761309326659 114.9937902189261 115.25881717883948 115.75523864799929 116.19817474388697 116.49785857275084 116.52798336212851 116.71657044539292 117.21702475971952 117.8233541136464 118.29550277995452 118.78014689971562 119.45709354934738 120.12585754652137 120.68586599128122 121.46627547640685 121.96921173499894 122.41659361566857
110.01341564457553 110.01965435200212 110.04919460591796 110.11996722560187 110.22199953174704 110.23420838588171 110.2487732748492 110.35868532445181 110.60240849950796 110.86898080132495 111.12620178767811 111.50750218449969 111.83843938064365 112.05155987320529 112.22869271182238 112.46852963257756 112.44371730156455 112.58175400558247 112.64598473714291 112.84759783861978 113.15510243573803 113.79341986946736 114.12925784691522 114.28504975108085 114.32233933568529 114.57355784917837 114.80619175387358 114.85642768557497 115.05331366384233 115.54749000198628 116.15157451434605 116.4610897828356 116.51765683078263 116.65210301988662 117.23841359754609 117.6573168700458 118.09719927366781 118.58459536421451 119.12981860634616 119.97436280344748 120.60965224415341 121.25986007533793 122.03143021012224 122.23392028430004
109.78536027372411 109.741894607596 109.70745162613177 109.73686703468134 109.90665789451798 110.05914892441396 110.15129182062518 110.21443466369641 110.2997398564102 110.68402270412219 110.88956628105949 111.10304495428426 111.58103258316478 111.97047089514359 112.13833230203633 112.24137254471736 112.31056756369762 112.38602822492481 112.36997468807688 112.48281636349567 112.84580867628738 113.45636435500552 113.94347727877229 114.19390659752382 114.3473455879381 114.57759910573252 114.80434099951738 114.8490044525316 115.00966746685614 115.43299359379354 115.85962529903514 116.31132520967972 116.47694693357415 116.68423692496054 117.05425006577195 117.47037468396985 117.85462324956558 118.36515082341434 118.93025224428544 119.63979990393172 120.43261556495352 121.20039734575923 121.92904972726858 122.22809016926514
109.55363166574959 109.45101916072608 109.26614504422975 109.17018158766501 109.2842957146485 109.60145222746876 109.86237492563382 110.02034789991565 110.14139965362716 110.47208935630691 110.65701827971107 110.98614317749853 111.317976112217 111.59645549845017 111.86256867491107 112.00304097722032 112.20605601750778 112.25373460996137 112.18975019582173 112.21578076828945 112.58527777113977 113.15752303176323 113.63426061411836 113.97033446700773 114.27234287261797 114.49742104433443 114.74480508075996 114.84529320531776 114.99566863716768 115.32322388666401 115.64414523641545 116.01578538402943 116.23945550537339 116.68081074914389 116.97914554113122 117.27425464201909 117.6070903679729 118.09278095858431 118.68925767546779 119.39603157245698 120.16440373101811 120.91429494991138 121.62112713634164 122.23674892287032
109.24872965541077 109.15716829479051 108.9925776102476 108.81088142650917 108.83114625047473 109.1730538789485 109.54074955191547 109.7912021363487 109.96402597669623 110.22690700982692 110.53809646721277 110.73953816195633 111.13725678313367 111.50579185272436 111.75182396182247 111.8889367510446 112.00634388838695 112.18718655737663 112.16887808522308 112.19158358148407 112.49076942156674 112.95438204743364 113.33238919773389 113.69867204032548 113.99198832613433 114.29392334615362 114.5355770163735 114.7298907988197 114.86520335012538 115.11692048142979 115.45560302773643 115.86876332812228 116.20030755571214 116.51141221509096 116.86305337659792 117.02619640249246 117.32707605869378 117.84405248644886 118.48893731672706 119.17990233622079 119.70708932552895 120.40926908536875 121.1229730936548 121.87025735900909
108.94105715506271 108.92210052735904 108.89459198221013 108.78076704588916 108.80147635209204 109.0423802026221 109.3510498933215 109.60223667863958 109.79289429647872 109.95311584807077 110.26946010372531 110.5660396136227 110.90073862495869 111.10340556309986 111.53478448938104 111.74536708347212 111.84813928116824 111.93901830306058 112.06168004188015 112.1751129284859 112.43619107879817 112.74015696132302 113.1048465254275 113.43969212140789 113.76870034214714 114.05778926339514 114.37072929062245 114.56232232985097 114.75218596322323 114.9142263298927 115.18843907031732 115.68008692916696 116.11349522420967 116.51339343652756 116.74596195827705 116.79559107538358 117.06788887950759 117.60094270069474 118.35359979731452 119.00008000571827 119.44078773903234 119.73043244642611 120.42226216536484 121.39681554046416
108.72514884471155 108.76941210714854 108.79409059204166 108.79863780810658 108.9130605090639 109.05567270789794 109.25805536740181 109.45658394192516 109.63226403984513 109.79377910971732 110.09625163583159 110.28250712256067 110.47876100647989 110.96636467734922 111.24787665153521 111.47850349421944 111.55277893214642 111.59471547774426 111.6544018608514 111.78736915380595 112.14923838061344 112.45392412731337 112.81839411491403 113.19126495412733 113.54872129955282 113.88764838287122 114.27631755023826 114.53652515504085 114.67303585353426 114.7045997757745 114.98354726313389 115.52100327032605 116.01873760177297 116.44090513119268 116.68370081802445 116.71890171485889 116.8974837672755 117.49725332473362 118.29611040325624 118.99695783109858 119.31634099075893 119.3939163472919 119.86536622715444 120.77130239061984
108.41316927609404 108.5053630518981 108.60349382816497 108.68067282849387 108.84115395067214 109.01806223115044 109.15698567453579 109.25660708964323 109.40997137681991 109.56838797743501 109.94045720286863 110.1337766241256 110.33488458099016 110.68995316062474 111.05868009199055 111.29956372275379 111.27456101166005 111.22259196502424 111.18682935098822 111.25901479523688 111.64262503760297 112.12075949243524 112.52979025379585 112.91979371532165 113.3002837270483 113.68238450250378 114.14046133656504 114.4687434525533 114.6558414537663 114.68726090206232 114.88154656380236 115.31482634642506 115.87481547361904 116.30962618043924 116.59499961273472 116.63192560470067 116.86233932069321 117.38680299860447 118.13792440453862 118.84110285029755 119.27224833773903 119.3392370872837 119.62305288429098 120.33483844963756
107.70273761698812 107.83983315738404 108.0122808521265 108.2907462919697 108.47497994733743 108.68556080870381 108.79587695129464 108.9112104007944 109.19993929502914 109.41180046800889 109.58029537744628 109.85837953140863 110.08468663534661 110.47405997341097 110.80173697560569 111.01188488742063 111.0029392784213 110.98549562228058 110.86851339865554 110.89582549411826 111.28356122276699 111.81742908732978 112.24076555093004 112.6213895601453 113.00077095113639 113.37480084449932 113.88561735139757 114.25328810275802 114.49607993614828 114.60717007747554 114.82342933578653 115.1167425527915 115.57397759335522 115.97602370806149 116.3769899929935 116.51543257921988 116.66606964363248 117.22413358543929 117.89840026099505 118.52235752916654 119.02541212163875 119.24187632695185 119.45944535796144 119.86180597966299
107.154831280221 107.25669604860471 107.44541548067075 107.66053554339858 107.94752072129045 108.24350426854916 108.3745699653826 108.49078265179244 108.61207993822904 108.88280832855523 109.06795570061067 109.28948732646508 109.7663350723998 110.03182090365605 110.5366845068197 110.71299198602502 110.89659592063455 110.88600928113118 110.84601472587592 110.85274386517037 111.15863567347397 111.50592776230309 111.92419569332577 112.24338442341285 112.59560985337075 112.99587383388332 113.52707791346835 113.91463148406505 114.2078485502265 114.40882067211429 114.58932219131383 114.87806898247558 115.15758132772223 115.45992749661198 115.80108670363397 116.14489162032883 116.41891325084038 116.9337951708726 117.51575966244893 118.13375239682182 118.72109536173151 119.00015827381252 119.26461144291416 119.68783372172183
106.61672207240385 106.67221906673329 106.86914020297316 107.13732361916124 107.50898126408254 107.87917456704244 108.0430661020723 108.16937474632438 108.29062231961633 108.60131735045576 108.79930427438136 109.0416050887673 109.53793599094149 109.82893478450208 110.22293600516748 110.56943220083404 110.79723888038927 110.84082244398621 110.9020995781735 110.9163155165621 111.11697071361846 111.35480919632639 111.53229130207349 111.84744220123387 112.14792251785592 112.53317282994287 113.08554155257444 113.51915634927232 113.87233069270641 114.1530152143015 114.36159119767197 114.50897675770102 114.63403300188916 114.83301680366773 115.21656271807267 115.71812251079669 116.10246347062866 116.67412406367994 117.21570278521642 117.66513533670356 118.20913721058018 118.66355528910073 118.95603103944451 119.39198080598867
106.16665587287677 106.18589015262667 106.34780865973116 106.59077687478646 106.9506896215713 107.14114434951938 107.70024436889413 107.81103529444282 108.09808603077117 108.25156008573855 108.4621704015507 108.73248181332545 109.04668543558581 109.56693603158286 109.82356976289019 110.38828031473491 110.66693493816011 110.75226788345212 110.87172790382697 110.87134813451073 110.86140492214251 111.11540182756873 111.15781498662105 111.36554525816076 111.62587671989314 112.01047176077653 112.4678538077845 113.0917743127938 113.52063418840076 113.87903050796551 114.16640103503393 114.32790855964322 114.36399731096733 114.39019640939928 114.78132120819447 115.35473139815043 115.77620198696611 116.13766323824167 116.71974136932724 117.26459931832886 117.79987198710523 118.0909110923155 118.69382227157138 119.21130892156806
106.0057049161645 106.00864078759484 106.14328618925356 106.35519989256802 106.68260376056446 106.84800003069871 106.92968504467656 107.18793483911826 107.46548320713622 107.81971683518323 108.043766798809 108.35390930554252 108.73700111172217 109.02963673793228 109.58483596799142 110.04753390137489 110.51526432216698 110.65095165724806 110.75175882498769 110.60870424600971 110.55369775346962 110.63590367375456 110.65018884608853 110.76378863281573 110.9923264499883 111.36736262168118 111.87217265096581 112.65367111301659 113.15912771556557 113.60307540072272 113.96934546857588 114.2028410919697 114.3057480964799 114.3423953747318 114.59623230108535 114.91720430715829 115.3871046787013 115.68407703020056 116.22596300784477 116.665454234973 117.37191318179374 117.79417886926943 118.12721529431636 118.55987162912895
105.9872028547232 105.98867489209857 106.0958589985553 106.24710913892 106.38043202660866 106.61796656063412 106.6410521704329 106.80585475258025 107.01513754236026 107.12108069027248 107.42784329136042 107.80030284666682 108.28893304419155 108.73727044266126 109.09825139868227 109.65805578572106 110.04938987384443 110.31031633197426 110.44884825094712 110.42604974793467 110.3551226352124 110.3132837336109 110.26528776072654 110.28764325762842 110.55480822284713 110.96263403281944 111.42874219682129 112.06585601605548 112.54323950995423 113.04773042861326 113.63565125057463 114.00752070391471 114.19194400508685 114.29301073582153 114.46138014846059 114.76032082008139 114.96616142311795 115.38637313268916 115.84384818744958 116.03103618500631 116.39264836964134 117.11596969822055 117.63944331770168 118.05304572286252
106.00569470137334 106.00932881763613 106.0377586777176 106.07984027777749 106.1106056117265 106.28339178741982 106.25496443110652 106.19609252157086 106.45950576354016 106.52809338771664 106.76741680114091 107.16141924753802 107.92249167803932 108.37108638582218 108.57352987190329 108.76888444347561 109.40238009391194 109.75251245224624 109.98825319616921 110.13964375202298 110.137581823281 110.10795483045739 110.09279617161255 110.10362113415376 110.27445456275 110.65847958606119 111.06552366223515 111.50641150549569 112.13199746194891 112.6574559065637 113.17822535963197 113.69807590958119 113.93825621342752 114.11763575476876 114.20552278297538 114.27905776605256 114.73106536681091 115.08101118140303 115.45997878443767 115.56712218556667 115.88722599290183 116.5927504683867 116.92277620209515 117.5064230173448
105.88333601051865 105.88521230387221 105.98866939923103 105.99553267254456 105.99552815102986 106.14089331066991 106.08752635638581 106.00751688164125 106.03491890838791 106.12014434612192 106.30061136912082 106.65652408833319 107.12872260136035 107.71020276184018 108.14858071064074 108.25660109954987 108.68131251189023 109.1623862517951 109.51478610526141 109.69792774975728 109.95847654973828 110.02500658122581 110.05805052819714 110.08246973260547 110.1681229448135 110.40352049341135 110.68281512094984 111.02721471763961 111.55027967658528 112.26439739308043 112.75283278490569 113.15690628529781 113.45168984886249 113.87048009527483 113.97438159785439 114.06823462466009 113.98580921700182 114.22734646149014 114.91521605126339 114.9965316557666 115.29606019911755 115.92029618427333 116.17416260298677 116.4771416108903
105.72068136655317 105.72413596559181 105.71086900935555 105.69653571614751 105.69908858443483 105.72620988222316 105.88838990618065 105.86830885406772 105.86275214777557 105.86840184808565 105.98700134226638 106.44237843276936 106.68818523061988 107.07681334166402 107.62174558481658 107.98724489094339 108.40211538163335 108.90143274663237 109.15908605096186 109.50856151865834 109.69978608154778 109.79225005299635 109.89893611697403 109.94749149449261 109.96161483773209 109.90863492714824 110.1703053374709 110.44611866925575 110.85933933221233 111.76620323120689 112.27997451266947 112.66340054649714 113.05654433550755 113.22019608315752 113.5915703882051 113.70888649796278 113.80109326756427 113.87355154791163 114.07015938260342 114.47434420876013 114.87638083112321 115.15826306225443 115.65340369257363 115.95321568055428
105.46217582594511 105.4714469999608 105.4764219574497 105.49413837357702 105.54102726205046 105.61954100696126 105.71138506176999 105.84291291228611 105.84966949715822 105.85478159778829 105.95842620728511 106.11658130582904 106.4786645756487 106.81742406738678 107.3874467087831 107.79053582338464 108.09855330211127 108.3923981081293 108.68590957908665 109.0845431424967 109.31513297044465 109.49784469849465 109.59555969738174 109.56980863380889 109.57353348734044 109.47787478855636 109.49027009305115 109.84023837337938 110.37952520576914 110.97711772872002 111.6588205995459 112.14441764833927 112.67566987410544 112.95718301758549 113.18207139419856 113.54820273615744 113.67730433875161 113.7816508859794 113.89198950668344 113.91742072009438 114.07398574283708 114.42129657194499 114.73667688054329 115.22972591808586
105.104912860492 105.12210470190637 105.15512969373077 105.21859966937355 105.32203856303249 105.45878832330888 105.60165594102907 105.74319911326411 105.87851545123337 105.864086741437 105.92092554778493 106.01372795722254 106.19527322284502 106.42889667765449 106.69703700597682 107.48989773214672 107.75679731356675 107.81905939818515 108.09233581799104 108.68838146301316 108.9125398645648 109.09297572527318 109.20088175211141 109.18354717864555 109.21716262210316 109.17304909160332 109.17615946329677 109.45146273242726 109.91192285466231 110.68940301914343 111.14865603462145 111.78798526531968 112.1728949704308 112.74189486356383 113.01040875868568 113.35605982297604 113.54643794336894 113.72368400184135 113.90123938522706 113.91220680919591 113.9851153983718 114.11195581374811 114.39186212126498 114.8619320761837
