idw.asc
NCOLS 250
NROWS 250
XLLCORNER 2.0
YLLCORNER 3.0
CELLSIZE 1.0
NODATA_VALUE -9999
[rows 76 to 94 of 250, columns 0 to 43 of 250]
-9999.0 102.06696074473201 102.02322024711695 101.98841087008735 101.97155093735917 101.98386284737545 102.47844500309529 102.16429661599584 102.28826343637681 102.42745483603936 102.56388373122654 103.20435904980035 103.76190655401896 104.07961848861169 104.29575418959803 104.50915396156788 104.72151317112049 104.93255071765617 104.84976083426727 104.86124217632143 105.17668844021016 105.63459522327446 105.3621076471394 105.30351534139301 104.74705301453363 104.7445811484622 104.7461386948269 104.89587252898423 104.6226095807984 104.50829447433733 104.09509052436547 103.70919217526162 103.71198713407473 103.69540084542793 103.7564600792234 103.96567780849915 104.32110477689528 104.81563217759957 105.25715533824474 106.0510293133592 106.98255600579463 108.55323504353616 109.63511949040297 110.67587167413909
-9999.0 102.46454838197643 102.46768057516664 102.4868919007942 102.53200699857462 103.13962308534073 103.28973123680937 103.50215488267428 103.76153508232734 103.33139140934162 103.94652548075769 104.43443019751717 104.64155591706268 104.87671830796882 105.062048123253 105.24581197520664 105.42838214340556 105.60724314850715 105.47643883104404 105.59226365248976 105.72304799939641 106.1026409015953 105.99494884998684 105.71865297665354 105.5802953554454 105.70475479749871 105.49242448207362 105.3793965624379 105.40090040608888 105.22449802919863 104.96454150499926 104.65133131627375 104.38749501262966 104.5622612667268 104.42599958538429 104.62049640045888 104.95439109215566 105.42179805175915 106.01785977951073 106.61632204825189 107.52736409688677 109.02386333711941 110.07639385901257 111.43781667032306
-9999.0 102.9345377469336 103.00663417306167 103.106600785284 103.24366546844375 104.00358045112318 104.23896480069831 104.51796093336839 104.81537159156686 105.10056814839149 104.95878687399723 105.35645827710451 105.51709092725106 105.65019387801858 105.79132704780748 105.93684632130304 106.08451147503578 106.22879978609592 106.06593567505233 106.15262408790457 106.6496742123002 106.55522846605169 106.42637858871014 106.24776895747912 106.24578587424827 105.87688633638943 105.65909649359408 105.4333823778414 105.4176803291557 105.4216081409803 105.33922728464793 105.17255997580627 104.99975058123071 105.25029062209501 105.1161177010268 105.31410679161556 105.633610059973 106.0717237526391 106.62630674104813 107.20228519046255 108.05840604552466 109.02944452309427 110.43399510930428 111.74592046323514
-9999.0 103.45506655289753 103.6104185760211 103.8077873553719 104.64058629793087 104.91747055607951 105.23871948247523 105.5798287003218 105.90420256138975 106.43846565255673 106.65521091244246 106.9410582986598 107.09023593919746 106.37677989270922 106.46752302312966 106.57352464425654 106.68747986243174 106.79944258119221 106.90103637625933 107.38668722395109 107.09726497929789 107.53764284267207 107.31740849932275 107.0418346170088 106.61235955911351 106.33658680519845 105.80505611878516 105.4655353986153 105.4474791568261 105.58776811102692 105.6123060875755 105.59614526505925 105.54473348463816 105.89053766642476 106.01659737399801 106.02182025533808 106.3372691265594 106.74620387934729 107.24950514935617 107.7919452657338 108.5592182967255 109.42866845077782 110.69432545016781 111.92828247368712
-9999.0 103.99529531400967 104.23704134353994 105.1241752226788 105.43577426155066 105.79874205798824 106.19408165148202 106.58564120354987 107.10450097528586 107.34721270098255 107.55294781397187 107.63796008641162 107.69909225471231 107.6373595502777 107.70876489161103 107.79582541965819 107.88195088365183 108.4946790405001 108.86303899719988 108.74605912734037 108.23834101023677 107.8628462709951 107.69029773337533 107.4827482188094 107.5309104412408 107.05785283580015 106.45563570129464 105.98724375617398 105.88974919181825 106.0560045079417 106.27250870613115 106.35156023018527 106.0796442136375 106.51533279691725 106.70282249624654 106.94128335574209 107.06842063649133 107.44591076973589 107.88718204743058 108.40108266982763 109.03375747328576 109.76726041755008 110.87256990734669 112.01017867401929
-9999.0 106.6121131664853 105.57103406418251 106.2382654557667 106.5164887845337 106.84974564282254 107.21771864761425 107.44761352058401 107.89874004252806 108.11094366075936 108.21529246648251 108.21884638153209 108.19906720276538 108.0767162168489 108.10942281478106 108.17385613780931 108.71009454389767 108.71741272298898 109.00400899426687 108.90447536009628 108.49253908477353 108.59351066264665 108.26968681284704 108.12348822781652 108.09439176460036 107.7895057261 107.33316064450635 106.8789643410066 106.66506738684949 106.69424308202309 106.84265217143373 106.93393774955213 107.11486085148529 107.61650027792308 107.87477944066761 107.69020066379585 107.84913693030857 108.18834892967932 108.55451307240152 108.96239585938254 109.50324480297728 110.07577784855312 110.712832048638 112.03780889759939
-9999.0 107.08188534415196 107.23349100950657 107.71063902500747 107.92187322322435 107.43626850308621 107.82138954307194 108.19557189008434 108.55023390125535 108.72295892687391 108.73123819531352 108.66743883736382 108.58118402622017 108.82987242341859 108.85025662502984 108.89209158686266 108.9264058071948 109.20729219992752 109.15042051055285 109.06994125582577 109.18835824363994 108.83280618795122 108.556325196062 108.5492544018491 108.4681939731294 108.35540928140472 108.08409918549974 107.72292963132624 107.47600950769143 107.41890851439229 107.50936222148694 107.61023768485633 107.84006784549568 108.37591703866676 108.68093024007091 108.97339229404534 108.71216033482412 109.00115138626627 109.27592498676755 109.5601274296423 109.99697296436564 111.32599604439017 111.73131675813022 113.58423638463702
-9999.0 107.86154966360452 108.1363221406638 108.24329595890424 108.24811943925167 108.47125201166617 108.70403392386557 108.95309273487311 109.10484424275393 109.18897252040807 109.19382881874769 109.14076880999528 109.09745117280735 109.10397774512361 109.02216964230473 109.0853758317132 109.35366794383276 109.33801614864322 109.48443781520614 109.43597545367011 109.35900857268238 109.22682845584876 108.99162834861384 108.69319030925334 108.58193288233274 108.56059288251488 108.4575003847775 108.26426341505565 108.111634519471 108.08419737564378 108.18963418659754 108.40101696327157 108.6424445168651 108.97405579640362 109.5659428155882 109.8813974867315 110.1328303920111 110.33745593010728 110.88224754564195 111.10343267709975 111.55635477890307 111.80261323898615 113.81929711032788 113.87599065244865
-9999.0 108.1791957554029 108.40402619212364 108.49179288174247 108.60880517585225 108.75307820597841 108.91438057452106 109.07460214800136 109.20188359163443 109.26954923682844 109.27004098470421 109.22586396459434 109.19192854557522 109.19572943387094 109.3814515554516 109.43472678996737 109.46663264989054 109.58718948553779 109.57780164627943 109.56428213574843 109.54359689841739 109.4741893184864 109.35045990661753 108.96491863050211 108.6197073390297 108.5963085089841 108.61510660940324 108.59535459962822 108.5917917776267 108.66805389977276 108.85241822283008 109.14335633653737 109.51289297093976 109.9479666885454 110.54699861010336 110.89056168201542 111.11771294836491 111.91469787480898 112.02584381282958 111.84316108634495 113.2223832859659 113.31609845398792 114.22766995517568 114.23851502731907
-9999.0 108.45126310083214 108.62515741998406 108.84628736498306 108.9033565432163 108.97775249345688 109.06582148291666 109.1774595295984 109.23472691441651 109.2761519916899 109.27640466724887 109.2419025411372 109.22932472160596 109.47008650883313 109.44064772773338 109.51767885795974 109.6269014715981 109.63271325624062 109.63906899579463 109.66694891881228 109.72214932278952 109.76103375996286 109.71015996179094 109.37220903624846 109.00937966608059 108.85051864063969 108.8350575331352 108.9133659012599 109.032031907273 109.221812987818 109.51010899565829 109.90854803839686 110.43775740712067 111.00038274250838 111.62428294331028 112.40629179720547 112.64210675283319 112.8617101182009 112.85592004838354 113.56584887091003 113.78358083291808 113.80668875550117 116.08001443362213 115.98754988978457
-9999.0 109.81172122162812 108.99308433154057 109.01313957921367 109.04152073935539 109.08031791045195 109.12874882932365 109.20577817091478 109.24284195658417 109.2648917689685 109.33493471278383 109.37550026647 109.44548635240756 109.52316354702073 109.56801764831513 109.57100237275674 109.64215313687251 109.64449950973113 109.66513667092975 109.73322333909938 109.84693098980694 109.96805866978671 109.95558867219611 109.75514286231142 109.48987187957961 109.38697654260694 109.4793195778521 109.52915297792754 109.51644369646071 109.79622280028269 110.17966134598323 110.68704278873929 111.38394317650086 112.08691966475617 113.04167345790337 113.48312582917659 114.10841685575612 114.28382982385347 114.20990278831302 114.12309735365491 114.3121389749128 116.35209539115745 116.37697231815334 116.36236133834429
109.89342971649191 109.86750165939699 109.81600955113596 109.77378191501587 109.70062955540574 109.63641981461458 109.5662200478716 109.51792653839955 109.46178610621544 109.43061669231659 109.41608996284916 109.43688393366573 109.4918531355649 109.55146921638068 109.59997618305769 109.68171212900306 109.64506105054689 109.64807982592474 109.68398286194657 109.77207209076131 109.88574676607175 109.98429485294476 109.9820732293055 109.91241693036864 109.83177258083474 109.8490790730013 109.99222943830914 110.26049185862831 110.62821343655264 111.08332059730147 111.24566179343577 111.86285042728674 112.71957606906669 113.76906319111526 114.39845474495115 114.7908936297759 114.88175073126925 114.92003065839795 115.42344361703185 115.4531079986558 116.65099168716232 116.8867209125348 117.02756218513078 117.11469462740385
109.92433920507133 109.9127169302777 109.87013970401887 109.8380144604334 109.79617279751366 109.7442429721499 109.68454528705952 109.62534335798149 109.57661606772724 109.53255787305109 109.53222044726157 109.52046816865861 109.53893921677339 109.57726149031491 109.7602633003118 109.73955263905376 109.67312745125804 109.67821844610805 109.72610936234257 109.80955771892384 109.89348088289918 109.99781083963815 110.01391262645615 110.04882349867589 110.13193947205176 110.31180537301408 110.56148341561855 110.88925440260854 111.27661741442871 111.72063203113747 112.24520649630418 112.88435806793787 113.78046294137062 114.72980885295598 115.26603124681117 115.60123289288859 115.6353072972312 115.66137196226633 115.63931102758181 115.98706463507081 116.75249682690624 117.0077063293571 117.32161924066699 118.1062993827271
109.95684898402124 109.94516819276903 109.9106978842689 109.88749329502664 109.85632478035049 109.81660659836983 109.7698939908761 109.73433010060533 109.67992430159026 109.65287363345055 109.6436898860807 109.60501226546843 109.58484944264474 109.60406622720004 109.82915640546676 109.82081828783481 109.81812613697032 109.75738651452116 109.79641446859421 109.87350868598692 109.94729587066081 110.11537786820728 110.18634931387513 110.31721451621499 110.56560438800933 110.87300691097582 111.23853216561899 111.62447758872946 112.00314332105235 112.38301828356062 112.813945134007 113.36037289459018 114.43123326794411 115.05471176999042 115.63614850525563 115.80890987093107 115.8201055472866 115.82150594440085 115.87810654238578 116.68060278152491 117.0613862235838 117.81038519088004 118.18363292247767 118.49120985245573
109.97930575439202 109.9730341676868 109.94734444894928 109.93270807338463 109.91191224169003 109.88405600198398 109.84976563574368 109.82097527243873 109.78747480515985 109.76073923966756 109.73227605856155 109.67233619073087 109.66732511546408 109.63575082868371 109.91841005412506 109.92500665193585 109.94168446410153 109.98310556347249 109.91745117993715 109.98189709830994 110.07554671060718 110.34439057401235 110.50160748824462 110.74406095064889 111.14931317746885 111.59862523595643 112.07514392992279 112.49980810951487 112.82683508243552 113.08043278240599 113.34605366891866 114.22295426743929 114.99951123739741 115.39714350384577 115.68992239635043 115.81976708824874 115.83061351155436 115.89073212275655 116.21933465916673 116.82698646032746 117.60449610828874 118.09019766415244 118.65484876052466 118.98169492918156
109.99670314657372 109.99447303583413 109.99096876743968 109.97010666614572 109.95864177401783 109.94169488047642 109.91894107119968 109.89150336979371 109.86931044795841 109.84394584679445 109.82284071493682 109.79726881612864 109.72125079875637 110.00394123563491 110.01955378407395 110.04177481323072 110.07638263149958 110.13939508171197 110.22776553727428 110.33475715406429 110.2761771554948 110.66094516150643 110.92441744189387 111.2987898304229 111.88265099484357 112.48258389052235 113.06876321203747 113.51296751279666 113.74838888855207 113.8226973410965 114.10146660259451 114.90001346785749 115.17201792669978 115.45919321307859 115.67928203492059 115.79189601591534 116.00267765907837 116.17324310073434 116.71544005634186 117.5124390477306 117.93336833399528 118.44671844653347 118.87794615114001 119.3865887816029
110.00843735384532 110.0084800680214 110.00849452146814 109.9971333736774 110.04658090896721 110.04815317301541 110.0457578078422 110.037537600475 110.02245559188852 110.00503428290858 109.98587912921623 109.96652282914529 109.84669813004575 110.09088673505867 110.12025676405467 110.48924043475688 110.55994176058566 110.62850621651073 110.75861540553123 110.8928460477209 111.09476630684429 111.64462734667083 111.96569533044202 112.34594203512763 112.9497508853581 113.63068032943886 114.26034539801454 114.67810999330311 114.91064174751722 114.72385113729004 114.76037185794227 115.17599092002055 115.33767376547381 115.54143384707578 115.71949919347034 116.0609150421106 116.29234177144073 116.72879376603859 117.13700627354892 117.95620434690785 118.56251262010423 118.86268561096486 119.29611023609787 120.2489851040299
110.01469834199298 110.05036253564717 110.04807948839235 110.04586993744319 110.0581447050622 110.07433198554223 110.08794018539942 110.09423530918029 110.08785316416143 110.07673247998932 110.06002076073547 110.04005740830496 110.39426828932552 110.60978260197506 110.68811963142255 110.68842160299305 110.75809401146465 110.89238130089511 111.54296888434642 111.7078120734492 111.92310258062213 112.45858534213546 113.00529247876625 113.48674554477768 113.78028991417426 114.4706795696561 115.07706574003599 115.52881992376388 115.57720903996105 115.38446089817944 115.41110743464392 115.55869126659042 115.89210750799133 116.04621982771708 116.1875372486822 116.3230697455591 116.69699990934977 117.256946834543 117.93364783305775 118.45994419412483 119.00675718835954 119.72425214767496 120.33260677877071 120.78795763733264
110.04799571418954 110.03945031839649 110.03048685211486 110.03532775255543 110.05625077258503 110.09150506211606 110.12435834676538 110.14610712074604 110.15415462929933 110.14342846846438 110.1291705939871 110.45433844878663 110.48509089561179 111.13196951422412 111.09356406896687 111.22883840162999 111.2926413139006 111.96757497755716 112.22235190361425 112.3875091439287 112.5987453068177 112.81531396308662 113.5446237805907 114.00410536565239 114.73167649581589 115.24411214935238 115.72918032465917 115.94610149536729 115.9544078100151 115.87272236366346 116.0402544929691 116.17270793674135 116.21081341672017 116.24881446022117 116.44497561171251 116.92456614367019 117.50996381277427 118.07244797748612 118.47473367651632 118.93598856979085 119.61892862258829 120.23483823690364 120.57669231677176 120.93512304563129
