idw.asc
NCOLS 250
NROWS 250
XLLCORNER 2.0
YLLCORNER 3.0
CELLSIZE 1.0
NODATA_VALUE -9999
[rows 95 to 113 of 250, columns 176 to 219 of 250]
90.45883193354976 90.4322897460302 89.69215171088149 88.78087676694825 88.00772774959611 87.21697593640678 86.61971461907586 85.72038762472394 85.16518721029892 84.38542002202492 83.90127344822126 83.25582604157682 82.12157016825792 80.68301214452718 79.99585559881743 79.5809489977907 79.52899931267837 79.40788477692887 78.80763849763481 77.84118528823583 75.09883642500893 73.93666649755761 72.98785191537893 72.61023872095966 72.72426825633111 72.65773011255712 71.88389858159724 70.79146486662546 69.67262720926031 68.55316437245742 67.53162512123603 66.49029058849375 66.03539982720507 65.79481694995103 65.31154954160317 64.2877335881001 63.39502659882425 63.02783397204503 62.80375419347213 62.380257775953446 61.199828675758056 58.82354972248186 57.32265853203589 56.63013158497845
90.48907151538917 90.57303542559502 90.60274198509737 90.4259245758946 90.40333786578753 88.34782619343308 87.37881186371695 86.74878826302457 85.98162167758618 85.43174491006855 84.38665256791268 83.69180071381493 82.84152782502618 81.16736355526527 80.29902886179002 79.7184717638681 79.58948954290418 79.2466033774055 78.66118372438075 77.29417899171663 75.21464470267311 73.46409232541306 72.85343219680385 72.64948836084517 72.71738065003835 72.64511109496632 71.8467701830584 70.85599109657325 69.68167484206108 68.42527445444699 67.27105824329458 66.29939692389283 65.96048057194584 65.88757910085013 65.62690435981612 64.89042816526805 64.12941704475698 63.57659648647743 63.11659804364153 62.41272807064495 60.69711718030678 58.781698211299414 57.058849746897735 56.2367423748748
90.64308578109909 90.56188864948592 90.52743961809215 90.55673054444989 90.39610794602264 89.83691058163011 89.28728931773176 88.55080308110873 86.93682229102401 86.21774422448075 85.25539500016437 84.59604424636609 83.73843094846478 82.30151739311341 80.9552026109369 80.25502375742282 79.73690594276596 79.15367041268517 78.26532226511286 76.774240304627 75.10513172999116 73.35158237156881 72.66139942455229 72.4287682077696 72.35731628776303 72.19506034380304 71.80668508207604 71.06140453368353 69.6291816697844 68.24645680673166 67.01155586175504 66.22383091259498 65.92424758704972 65.89485336732027 65.7186300660018 65.25675869241758 64.63066391946664 64.000862464272 63.341870716672055 62.47044546792728 60.94862473146738 58.87358442927046 57.281498442249976 56.280907098723524
90.64244471417697 90.33305982167414 90.27560647367947 90.42506203669394 90.40264770313462 90.34182136319046 89.95617497151214 88.87663294107143 87.81483784774929 87.11531302580043 86.31594868571781 85.3232876412201 84.66561505323138 83.47165251588719 81.96098471722853 80.71916948417987 80.2102905634871 78.96495948237339 78.1910880677022 76.64615830678362 75.49213334065777 73.80161983317399 72.53334870104693 72.22875009249229 72.07377391430754 72.02249206677143 71.93206450551351 71.20878663778905 69.92400595553863 68.0208106897885 66.88946657780834 66.27674771145911 65.97906756135612 65.90580610868042 65.75812139375927 65.38929528484712 64.85286778687049 64.22665590365673 63.51095808724304 62.61911300682025 61.065418614318205 59.43823949080523 57.953931553466795 56.95431086034394
90.61968572010724 89.95368609761088 89.93366025183076 90.38976772311419 90.67969505606769 90.39359710743024 90.21183584696423 89.61591916515397 87.9546899695205 87.15935437371589 86.43663958262002 85.835966338569 84.96291844579284 84.57778045463465 83.57471971468492 82.43837918078061 80.71008585426371 79.10205697070137 78.2812239189526 76.355788771582 75.33058176228833 74.37187971828861 72.90192818996823 72.21074375149676 71.9509622914654 72.0035033191995 71.94240020368946 71.01466352493536 69.49650386732385 68.19076986976549 67.15590855252543 66.50409856699696 66.21822787416542 65.97188606678797 65.77216769928195 65.4189889363727 64.92016364449074 64.12337286401149 63.15896858637355 62.33591399248702 61.38950200799932 59.88017155019402 58.735250778796576 58.10069909668486
90.85065387828038 90.02408334217448 89.98832594584884 90.54782280642107 90.84691808211552 90.80136243564294 90.3315020047478 89.68479948360311 88.62006797724945 87.50618999387383 86.113912512926 85.48292463147516 85.01219622702598 84.9179341324437 84.6014103042377 82.83057394107409 82.28274997398864 79.40855679060412 78.51183427027512 76.42440857555458 75.42277813315474 74.48864456860771 73.04952676755265 72.2482232354212 71.78932835664952 71.70871049067354 71.380162158389 70.38087213172432 69.2188238235157 67.97571191108749 67.14158387285143 66.80604873241455 66.63480134824327 66.452367135756 66.06674764875993 65.25649994895065 64.69868948901423 63.83197085868306 63.13772732000127 62.140854049455626 61.37720950442705 60.341315439418004 59.66860733830389 58.93150864789549
91.64849374137003 91.05214704800606 90.90551930646608 91.08153257184168 91.20202652289157 91.02621157146602 90.45568180850955 89.66516873882918 88.52997462911242 87.21946795187615 85.82981440784936 84.9450828545737 84.62102414724721 84.58549899842066 84.62623366544182 83.931113516181 82.61814494577166 81.25263459924841 79.2847954068189 76.85050871782295 75.89053057434705 74.97768688180166 73.8136869719924 72.39510232917335 71.53886469780859 71.08807611719162 70.55432741360073 69.67007858896724 68.59119172608587 67.735845713942 67.11800154092751 66.82656153672448 66.78636166777683 66.59746591742211 66.14575721932094 65.53575322853595 64.50651169900333 63.804068375316255 62.7742077585062 62.036937342908075 61.34861565568443 60.43162673392141 59.91434325254765 59.51089520048931
92.39351930698577 91.98297231253204 91.71890440679536 91.57754537490703 91.41907172265824 91.10290386194806 90.41781075572452 89.51777333289061 88.45207183318216 87.18594245607962 85.34192095972038 84.04541959303714 83.99058193099081 84.49838860931595 85.02900186790424 85.36347557362328 85.22981266239276 81.08841486318713 79.43653265995742 78.35331666284864 76.26034868194087 74.60936410832751 73.55385663506554 72.92288518801656 72.03821191425651 70.97531543580546 70.50285673494115 69.12365319084326 68.24050175795765 67.59337655493621 67.08887738964647 66.84819120429349 66.73660849104054 66.393503087867 65.86887829279418 65.28533274984251 64.39828274069329 63.71764462915721 62.46920814172899 61.50354494537324 60.93088838311013 60.45510745102995 60.06464863960198 59.43089169512404
92.70220061276818 92.33812880191543 91.92788743611152 91.69910118468852 91.53764923018566 91.16332646357927 90.41691369832526 89.24645763369926 88.25603895484038 87.02461066554274 85.40344569414684 84.11277475488612 84.01443991893782 84.53739970519156 85.03978479650038 85.16342392164648 84.92264197035637 82.93156376889011 79.5812733209623 78.58479812079824 76.78514973272125 74.90446911376075 73.97676491560254 73.14230237907935 71.89556801160671 70.88440373885618 70.28725943814655 68.96545631918359 67.8783835535715 67.42871418472429 67.00928860169012 66.81682726108689 66.493908466821 66.13809766225467 65.58213770254017 64.91273259465699 63.92370831722215 63.169500699797275 62.188956068617955 61.5637776924159 60.79852210332908 60.003297413963374 59.71608815101541 59.16106352160798
92.76806395003193 92.51566307916431 91.65326386243729 91.49272877871645 91.57898082338525 91.18238656138358 90.30690951327092 88.87569323975224 87.7428328783423 87.134682341607 86.42021924245627 85.26381644551803 84.96948830724052 85.00033907843104 85.12057248721706 85.18825306722255 84.80848557032027 83.16759788225312 80.92260599499996 80.22442886987218 77.01984819795712 75.20554160277531 74.26011678649952 73.352934773345 71.94828544630724 70.75917540362809 70.0813115573526 69.08089984963658 68.26740338381943 67.63415454353607 67.20746370010177 66.75702335051085 66.44449879035334 65.84596958608586 65.22288867024804 64.11655905569302 63.01269560595797 62.24017924304564 61.423910093831324 60.76155068771731 60.02847365011896 59.74731814474658 59.60515680468804 59.47169912441361
92.82747190942875 92.53793665400217 91.71783816346733 91.56326643338582 91.66951741785519 91.27511177631247 90.14857057058666 88.37600733249111 86.99835296099444 86.87103906303533 86.96176321746613 86.46424482992225 85.89232632365112 85.43517369950118 85.34761694307463 85.1846220678321 84.62230505419639 83.31067900739218 81.2669765207368 79.98737359930682 78.21636372080664 77.33898762301644 76.34143286144617 73.59528377588458 72.06717426334649 70.57574825958895 69.85714826435945 68.92612651863907 68.28820194906972 67.81513490584376 67.36621848177448 66.92775165320052 66.29560207720223 65.47416005327493 64.30785751971653 63.37539476353612 62.45316763778533 61.70080877760342 61.03155694991866 60.25412477171192 59.594711432517 59.31687471783419 59.29753217048712 59.20392312297654
93.14754606531929 92.58308494001557 92.11844978224214 92.00519105102957 91.90078881842847 91.43591614869126 90.31853918260138 88.49124354794287 87.05912077772814 86.92743681347598 87.27461637053327 86.99943446434503 86.5151252651144 86.02596024939166 85.44998089759697 85.06211051560052 84.30870438811358 82.92323493589303 80.92622941168382 79.73505625853062 78.17768877723255 77.37785318555444 76.4162210038114 74.69806432040463 71.98217840781356 69.78525262108501 69.08054606231764 68.6073739225643 68.18872238253466 68.15401757731303 67.6545973477132 66.94707565358766 66.16978552287206 65.49914054950767 64.32332583830117 63.22788512576252 62.178964475885685 61.51052391743924 61.01789541375861 60.04134701365906 59.07311501451815 58.97447420012512 59.04234996427023 58.89793304928761
93.4616645694683 92.7723382168997 92.2430310802008 92.1764972307992 92.10328288953247 91.62824353886978 90.77040749668899 89.27245300265233 88.1435426124621 87.76610369742507 87.79134021122266 87.54200581149745 87.0252606314372 86.40981357201328 85.52034431381583 84.63847031275627 83.7391709160044 82.39571955774598 80.61090788367692 79.61593299560151 78.3938434283784 77.74265039243515 76.33527933554817 75.22399274751494 72.26051469487838 70.45896900830888 69.22262067562579 68.6870411640174 68.47978684987305 68.48592460443871 68.36518810693993 67.1787152526648 66.1542258401425 65.63979679100552 64.58405365103137 63.26469674063493 62.01009035717597 61.41212013030447 61.24689543558925 60.26105056231836 59.09743040582665 58.960282331253545 58.882481749320334 58.46751020633783
93.67545899493355 92.98479812149857 92.5954320885268 92.53400469963545 92.35744673390036 92.05842921385104 91.2390086796659 90.11310383370993 89.26347767156575 88.71793132225257 88.4001131420149 87.74474347068464 87.2633827802086 86.2214999420289 85.30086269096638 83.91852846447637 82.85564622101597 82.13955456435929 80.20694823751364 79.72623718495831 78.02640187640469 77.44004514950905 76.18122568546323 75.03846570199383 73.15304125008126 71.74239457978139 70.00832032225276 68.71152163741075 68.41508652575061 68.50069752361418 68.31834691493339 66.92445922838594 65.97669299228517 65.8279202611144 65.02482467457624 63.43889648205109 62.00267293340952 61.405436095383116 61.27021484412082 60.44200513879526 59.488449649638994 59.03277419368538 58.65002046990911 58.126018913675594
93.95172228358653 93.19123465562832 92.68878825489134 92.61139869226523 92.44982601940029 92.19235280191664 91.85683458994453 91.06603234449436 90.46748439108269 89.32163027488406 88.78671746269511 87.88267311474742 87.23089280150229 85.99236800243725 85.15181428044968 83.44088332695505 82.28115891382183 81.46569335253143 80.20612749310206 79.0997802486334 78.29001609904702 77.45654159324104 76.17945275902927 75.01065069527421 73.6368971685872 72.21257952785832 70.64213705652914 69.06436740426861 68.39894643877776 68.21477640854665 67.6125204072753 66.54748837509419 65.92775623623135 65.81112328841034 65.003663276595 63.351334465806566 62.070415863894524 61.41106569193358 61.00879886101088 60.33830587337595 59.49607270957784 58.684811590757214 58.028619042511345 57.702244802412096
94.59428290129074 93.64403326615978 93.06182922254352 92.73219285990557 92.34018039915021 92.08445954152394 91.93830599262736 91.42117902067086 90.72692709245752 90.13326377988942 89.34187945957325 88.22026330656622 87.30489354716623 85.67112591825442 84.55141170565355 83.47992516619783 81.59907119544143 80.76398495799145 79.50789947339098 78.54640057273109 78.2569543575265 77.87658006877997 76.79804405995085 75.6691707124685 74.32777144891638 72.54317046000206 70.59962775571707 69.25687223576604 68.61335591926768 67.9565653830145 67.29641970682086 66.66261993306338 65.90042190570477 65.433276398588 64.58249594815896 63.200682279619635 62.177262301990865 61.43867755777024 60.769933439992464 60.07011604200922 59.193105413562535 58.191021565507825 57.40580252699203 57.312846579963846
95.08101300340662 94.33102642593629 93.6228687667467 92.72421471089957 91.9244990070128 91.84905385408646 91.88789342921994 91.45945260839515 90.75933085810958 89.88403598425543 88.9435377201428 87.96619301301313 86.83881420140253 85.05982146012705 83.89035161065064 82.63712111518247 81.6513379388813 80.53737163655838 79.18550758078209 78.31807742197496 78.24020882597364 78.04915340581981 77.12893097517748 75.64770190377884 74.26429187277553 72.42360533854325 71.17953058356757 70.15363663071209 69.3521738997344 67.8680097846762 67.38610718548863 66.50772000714574 65.87035918418306 65.03559111271359 64.39576859983366 63.12641390927072 62.00867437321034 61.29969241887599 60.64756136718589 59.932193810604204 59.07195123440471 58.10256455642182 57.38290211280483 57.272203477462384
95.55730927235982 95.0741239313419 94.19105852663183 93.03130354682206 91.98363933203115 91.89387513195528 91.90466076396288 91.71709126178759 90.69719330093562 89.90715862221879 88.96982975532421 87.569504506869 86.33536399208445 84.3910538031703 83.24224419730308 82.30685227228226 81.31537984494254 80.88249139401856 79.49197256173389 78.41797288679281 78.27782078003733 78.37596688151116 77.76829885540936 76.43510332065883 74.59811472855802 72.83439921527757 71.62767285767332 70.58878455227816 69.50360503519576 68.83788766198181 67.1841655206874 66.75340494540737 65.53277028647116 65.03733687933202 64.43709695483786 63.01952945336913 62.054071271739524 61.210618437363564 60.59490611418995 59.93821631428931 59.19328758547061 58.36700816814931 57.69439667744279 57.44177609962929
95.65027836621003 95.54553072375512 94.76563415525357 93.64003561331778 92.67345266462559 92.32167160586029 92.20245607739061 92.04115132828873 91.65822429483697 90.31814837305849 88.41654479529201 87.10798571586962 85.72358746848515 84.03839620095093 82.67132295090826 81.71947534816512 81.4641884307563 81.37406502089641 80.35633192373376 79.22707214514465 78.63989364889471 78.5169230789709 77.91606698165108 77.28972000585283 75.58970161857955 73.23825739540897 71.73454820517145 70.66790443365797 69.47997713420784 68.77519124322167 68.22637181996876 66.85440110941474 65.50139944138132 64.73079492108289 64.04303426650887 63.0523903042632 62.09556778529054 61.2732604417674 60.586208247481245 59.9306966417439 59.096969434324976 58.518591466622084 58.04217764024441 57.55404956321444
