idw.asc
NCOLS 250
NROWS 250
XLLCORNER 2.0
YLLCORNER 3.0
CELLSIZE 1.0
NODATA_VALUE -9999
[rows 38 to 56 of 250, columns 44 to 87 of 250]
75.91883952954781 75.90508065915482 75.88662331971709 75.86443550662193 76.51966419758922 76.65545940859855 76.83836976374347 77.08219600043883 77.4165130514028 80.58750634516163 81.67885555597562 82.75433916472481 82.98474601670392 83.12943737320501 83.82902424674768 83.5985501454885 83.2641775416154 83.16416706021941 83.06644412003389 83.19517955980719 83.95999151037827 84.98937121472969 86.08845000647844 86.78243346333352 86.81048322458874 86.35473782304948 85.95258503017233 85.7748487191753 85.77193959796882 85.84351512531865 86.16483487828344 86.19430595662737 86.21548012749606 86.2344383524285 86.3813803602056 86.41192546003732 86.44264801907339 86.47117638162526 88.2820595081132 88.810528919339 91.4246260628108 92.51250503183756 93.59470657384858 94.62844576381163
76.02470634782611 75.8955360297767 75.88015463683207 75.86215976035668 76.64007600437596 76.78971414739392 76.98558249091056 79.79678787832705 80.43068125203074 81.84051074981025 83.14751433304164 85.00341716079261 84.89046137614558 84.73583799778332 84.53504026859592 85.30244649450094 84.89083495950872 84.3744237752959 84.24581782261092 84.73386317227583 85.27710831465366 85.99485892308337 86.5324815161994 86.88181086748392 86.90400292278264 86.65678170780416 86.52609900574522 86.3559416588807 86.45842484370924 86.91550472948772 86.96705523969626 87.99802227054576 88.16180820708821 88.36278076400552 88.8212161269422 89.09580938517219 89.37903159858814 90.51517630740179 92.15003416034348 94.62261960090086 95.18214371707256 92.7388262058114 93.8080538985763 97.04402418435197
76.02427612244898 76.02570098039216 76.02691306748467 76.02786627118644 76.02855769230769 77.49316531841627 81.19714919691248 83.84847719272206 90.15900110736732 89.57138455875372 89.3753062806008 87.42485681687822 88.23059629438612 87.9483255019169 87.60253088754764 87.1944157201288 86.75014602177528 86.77945510170804 86.15620530003 86.00332724907412 86.27896716043452 86.63069940839605 86.85829084548632 86.98706651546684 87.07479211425947 87.1111548059107 87.35586482125315 88.05776613451526 88.64774864128422 89.03878700923698 89.30456473574134 89.47783734531048 89.61465107505774 90.04763473139838 90.22809499246098 92.4560014071986 92.7690612724505 93.0643687975558 93.31877649593653 95.41147031437937 95.88006669596149 96.3583769718856 98.74425924854444 99.05537798772478
76.02397196721311 76.02513507936509 76.02615633165829 76.02699816901409 82.33613806397305 93.62964905498283 90.75898694409092 90.71362328929273 90.64327793758723 90.09437553174179 90.85845038994161 90.70620382194751 90.51155048748309 90.26960363176626 88.80568240302598 88.55136270565063 88.25219286408732 88.38468045055973 88.16315089478286 88.05398359023684 87.97747256992797 87.75289016864092 87.49363050743372 87.55893654284611 87.98831398713669 88.36500917382232 89.52424402219884 90.34864156031473 91.11794066346397 92.49333339448714 92.78191281194545 93.07492598664831 94.70519683159092 94.93606783940382 95.21772774186536 95.52848212573427 95.8292800972969 96.0868003972789 96.28361222425684 96.49610418696348 99.23596209390779 99.58466333300848 103.34164861164656 104.789772264574
-9999.0 -9999.0 -9999.0 94.28571 93.65976332786884 93.65498405660377 91.12774966218373 91.13295670158705 91.12104485979414 91.90561322342379 91.38448713095224 91.31204951372575 91.21519209235214 91.09665223822402 90.95853620213674 90.79612136859464 90.9329741256605 90.72388953637004 90.50331567157708 90.29673595281865 90.11057983264706 89.77278156903515 89.62462328008341 89.42913454151766 89.68878729406556 90.88008262408756 92.58703763714479 93.31468226711755 94.3401589793471 95.09980366741732 95.613398863282 95.78752151501733 96.4106650056841 96.59059405005715 96.83807529177129 97.10797675843781 97.34345292811078 99.12376071561746 100.32609920956557 100.85912929206758 101.01366133952592 103.74611481918984 103.36181370712352 103.55139394820971
-9999.0 -9999.0 94.28571 93.68370212538225 93.68460118374558 93.68347775720166 93.67922451690822 94.17647677523007 92.3087028743684 92.31901621139025 92.31447962665816 91.8703263616651 91.84363876674784 91.80932195019673 91.77841986486457 91.98497295793123 91.93993166138488 91.85755382826997 91.72932713857685 91.5690545406187 91.39062211648704 91.21310648131454 91.09312596961153 91.35920785608576 92.25408714647733 93.03593020219137 94.12705506805624 95.36671407405902 96.4934282973457 97.26235245347061 97.99771234037522 98.2894687478177 98.51567605292153 98.95684237008436 99.38195505252193 99.77198614326808 100.05741631070737 102.18581258931275 102.44789741833934 104.75846568248453 105.82308759144088 106.13049132895308 106.39244954772036 106.59386001374841
94.28571000000001 94.28570999999998 93.70099780112044 93.70633118122977 93.71104858490564 93.71453704444443 93.71579478835977 94.18075737985768 94.15624000074037 92.68896787832675 92.72506339400492 92.3679829084525 92.37825952258825 92.3773163887616 92.38699863205257 92.57540657524879 92.59812649967118 92.6084368349819 92.60311638972392 92.57836612486888 92.50504180081667 92.37968233190894 92.2733386712089 93.43570611543693 93.93947795088631 94.77276534805117 95.39098350381282 96.63423700425602 97.73687419583868 98.59708027027293 98.75523882934112 98.84033321951252 99.24540224601877 99.86440192911093 100.98986765285854 101.53724417104446 103.14342102914348 104.81911544663598 105.20328264855442 105.58582895045797 105.96557580824812 106.31917087303204 106.62124133836808 106.85251389743337
94.28571 94.28571 93.7204471574344 93.72919828813558 93.73818739043824 93.74705210900474 94.20792432049917 94.18956077719936 94.1677861738754 94.14047087173101 94.10333694829575 93.12154423698637 93.12027874878311 92.81473753553942 92.7905884508598 92.88417288263805 92.87919881215483 92.93167110709018 93.10531641175403 93.33954839002153 93.45582249645756 93.76742261892336 94.11564641391818 95.12755181202529 95.67827013631943 96.44166955199358 97.43021527831237 98.74108329368933 99.05607690131775 99.08037441088668 99.1195681114757 99.56099535962666 100.79994190759241 101.63166493165735 102.66893497379844 104.154267932708 104.53456430233301 104.87810864673546 105.26618436765803 105.7127384104756 106.13451355504726 106.55032286450519 106.90227955641578 107.81697593640803
94.28571 94.28571 93.73916503003004 93.75137570175438 93.76478678423237 94.23164121456854 94.21755365403136 94.20210036578781 94.18477020711592 94.16428756301549 94.13734489340975 94.09549309201837 94.01878854447438 93.86901310502284 93.0643273281157 92.99910348397742 92.91325775395602 93.00114142025166 93.76571795938113 94.65912165873696 95.43756120703576 96.0815006762843 96.45003864190124 96.89116099410126 98.16580328097453 98.68359341571637 98.86160221094013 99.0972882801574 99.23056123388649 99.12388574815911 99.17025685352333 99.94411370090096 101.30570814878018 102.50414756685862 103.92175574951771 104.44161753843744 104.59971287613601 104.89002179555102 105.30393655546597 105.82780532042734 106.39742365889838 107.10326656132409 107.54471235494033 108.09918761519445
94.28570999999998 94.28571 93.75639741590214 93.77183539426524 93.78941963829786 94.24099604651161 94.22911654349721 94.21695258420371 94.20476345923507 94.19268083493712 94.17987941045607 94.16162557784975 94.12035481973436 94.32235069435956 94.32408527109835 93.77226245273944 93.06259864047838 93.13861425538461 94.5586562814261 95.81548969100619 96.35139818123902 96.82499395314252 97.41194572588675 98.07173588600662 98.70273895776339 99.24490033223205 99.64505163590691 99.84347648925184 99.88748951878827 99.79757836195172 99.9535783067676 100.8376658739491 102.74863622668202 103.76972497309815 104.27865337855121 104.50502575318424 104.6021931793911 104.88647782989811 105.32493156977637 105.97766442175738 106.67566733802353 107.43035853931922 108.07303367737646 108.44094592581372
92.5159056271777 94.28571 93.77142576923077 93.78957940433213 93.81066538626611 94.25148687120772 94.24170485943475 94.23251218554417 94.2247829192119 94.21986044112286 94.75510818654539 94.80234788573615 94.74639432020388 94.72124244951394 94.78522971299466 94.59088273515705 94.22464528799013 94.65293956439984 95.79180376165789 96.37902178761843 96.45041951516767 96.90952770191218 97.69097119545826 98.52287216411302 99.256671658399 99.84342132552386 100.2603680038675 100.49697924592077 100.70580559645174 101.40518242680317 101.75443016241096 102.53881196069825 103.76657633827358 104.39311293551457 104.54071200390389 104.42304484801925 104.4317787999029 104.79952066465233 105.44878678274425 106.22485006525329 107.23190559201669 108.0724686880142 108.61882023709526 108.84300767579738
92.42130630111524 92.65883844827586 92.88353873076588 96.17296561520189 96.00408501481094 95.86549139991007 95.639385234662 96.32706147131421 95.94522674439092 95.51114817411231 95.3489999091001 94.93606570217594 94.44350560745235 94.42635479767046 94.85853432991807 95.38471667113258 95.61347209672527 95.97481490769133 96.45752030414359 96.52904865893518 96.60197447680154 97.46599942685822 98.67779603427971 99.67164484714596 100.59300450956341 101.27416525972185 101.72026521588816 101.96054793104408 102.4577443556247 102.60453501967508 102.99764566733666 103.80046909298319 104.63377131835382 105.02403401559769 104.92244279277229 104.49882285611466 104.4729692708087 104.92056003733501 105.69765567181035 106.78769953105295 107.74297837303762 108.57870052082296 109.07624499823501 109.41707474426101
94.92179449813472 95.32064498023715 95.65169724643637 95.41915388470396 96.31937284577552 97.20119053438563 96.95087724640204 96.62931252605306 96.6960462268671 96.50947636401672 95.80973281773541 95.05406977462185 94.47676720765398 94.49160770819533 95.1707515423599 96.11998078974413 96.5709384709751 97.00863192040863 97.23920314636179 97.3271131006248 97.57769688566883 98.49106258770829 99.5997745695237 100.60032241239666 101.4133247001756 102.00067183668848 102.50128404934073 103.00797456635954 103.40181170741265 103.56063984030828 103.9942751356871 104.6551271689503 105.15872439732617 105.53527049985789 105.50933193412598 105.09376865749347 104.97300065933922 105.36645947020516 106.19213188826153 107.37761941477834 108.39904840710689 109.16621886764105 109.5467579020843 110.00007616663801
94.95040474223306 95.43272241026642 95.84133488412448 96.15117478630465 96.95121579274212 96.95486943534083 97.34663643199482 97.05394396890502 97.14038911186279 97.00836994451899 96.38201186370678 95.72488364386244 95.26328746006291 95.33569942541018 96.15090071818125 97.39762240449356 98.1137668889482 98.59386510588611 98.85078111763771 99.18061162088064 99.61804800594793 100.40222520712464 101.20452280946446 101.91655467449671 102.5414937432415 102.88014968344748 103.41819937347066 103.95690894742694 104.33465918513329 104.37036243974993 104.83489433000918 105.02411648335651 105.32895676899906 105.5834121162497 105.58530179136062 105.45378233605308 105.48874552523672 105.92795381582147 106.80784927926055 108.04424493730595 109.0862553881525 109.71333486160849 109.93983235367725 110.23087032273408
94.99158551167203 95.57012082877755 97.18294370319306 98.60448322594316 98.26085172488916 98.31313439898518 98.59280837889013 98.65623207249503 98.60076688967477 98.15019086994938 97.62912616457113 97.12752952203961 97.18082167548673 97.31290472416258 97.93445565792435 98.70103258061893 99.38152556480836 99.94724305616953 100.45441532629722 101.01025692448088 101.5568639596822 102.08830805223067 102.56153566406569 102.94548414843386 103.37984826098771 103.9423038442152 104.57347020720255 105.13412101098153 105.35192058199537 105.17251493743376 105.32988818559188 105.27563933174078 105.36654529103156 105.4788085616416 105.58746645153289 105.6423907045699 105.87844247340844 106.42874049514391 107.35101703322486 108.56472987260571 109.56622800786074 110.13428370272611 110.17984978741103 110.35838703935944
96.63708558725956 97.3102665129473 98.513706590129 98.89505177511083 99.14834179922424 99.28502053764613 99.11354227392161 99.50039023807093 99.26851046380051 98.98484040417001 99.11450280280401 98.88616796526033 98.83644201862485 99.22430036979088 99.67397663454618 100.209690514592 100.67560651125876 101.25643057897673 101.89123356673258 102.60145324428566 103.11471794702321 103.52092665531136 103.69517217951292 103.81011576043724 104.07522342423607 104.66907664359134 105.5303110654987 106.37077154477888 106.61201115628597 106.23334085963435 105.79582855157733 105.91539278099717 105.85070999699624 106.0293001706677 106.09196864196409 106.28673034249798 106.68869507482223 107.31142104564199 108.10234258465849 109.03342494567453 109.88270500338733 110.1464510310916 110.18723245954581 110.37137448663097
96.77137509044981 98.17216749948284 98.76278673160387 99.20048844993832 99.50389530386288 99.69309279944876 100.01793653925822 99.68403813724625 99.88834318633312 100.14601049608484 100.06565757198264 100.07640027183754 100.23985566832833 100.7033578014489 101.09346165539986 101.47139413283989 101.85847834808288 102.34645803633087 102.97205456217073 103.66654459570391 104.21015110622506 104.49958541435869 104.51062033267586 104.42052714494375 104.54228667847678 105.15369816030109 106.33014510440992 107.21045226533937 107.25728745816305 106.87646144439408 106.53832253937206 106.26020987822307 106.19431766639201 106.46510074573999 106.5724544953191 106.79885605871583 107.21883685092098 107.78820797269498 108.79215503807221 109.40893126982844 109.83333925445683 110.06821238566131 110.1894594133897 110.4769993609103
97.54843435668127 98.37938506491965 99.02747703266321 99.5073696907501 99.84301392218086 100.06047484216666 100.35262449645718 100.84485460677814 101.15801069601773 100.68675781531994 100.76657267907602 100.96276346284833 101.31057673837418 101.8648841723577 102.2602512851048 102.50779538500066 102.71836374477444 103.08549476322966 103.6424640184982 104.25492444809949 104.64636555716667 104.8703298163322 105.01309422161046 104.83016338028662 104.91637840459309 105.55580080674851 106.67326991127473 107.25817342036544 107.2803755992822 106.95150808042058 106.74747673842596 106.92665044461319 106.93671455983008 106.96614635993285 107.13206553413934 107.85489100760174 108.26433074349622 108.73174643779049 109.11473743196952 109.93000417523533 110.19420035614306 110.33284651383919 110.60359797705381 110.82252556872814
98.07125716799894 99.07345150730116 99.29823165794839 99.80207170121938 100.14733693794146 100.36047571508614 100.95913229368485 101.2155590978426 101.46620752982531 101.69845355457149 101.86711352055325 102.23432706946235 102.32090293468013 102.8700288034537 103.23021264509751 103.34816685709298 103.30640688064757 103.5748479557726 104.03486573180041 104.47074963378071 104.70195695675582 104.90098963101417 105.0843196188951 105.06805761150756 105.40423982862886 106.07550442342966 106.60503688307966 106.99150525471723 107.11558620970067 107.07518530461886 107.44527422486969 107.68244266523297 107.87769978129994 108.06171221975475 108.30283203639497 108.55507090617395 109.50786166471403 109.93377398412743 110.16351478226622 110.34863646882931 110.70812179321754 110.84949031301433 110.96620985670485 111.19036534620496
