idw.asc
NCOLS 250
NROWS 250
XLLCORNER 2.0
YLLCORNER 3.0
CELLSIZE 1.0
NODATA_VALUE -9999
[rows 76 to 94 of 250, columns 88 to 131 of 250]
125.10068565212006 124.99705953714582 125.12885172219829 125.23762989132022 125.33727255637896 125.46659891042685 125.4091681227877 125.16065664305339 125.00285585032317 124.68539544120752 124.43752915168655 124.32700117793303 124.23583398407301 124.59002796198517 125.02210624700763 125.37563852077896 125.36649830513525 124.81088138645033 123.72182922381562 122.89932262561517 122.25521093933773 121.58696824062955 121.03929293457678 120.35421999010526 119.05774527242137 118.28157711870992 117.50744775947021 116.76276194897669 115.21105906676911 114.2073566422954 113.72080567213725 112.22706265432059 111.7623097607326 110.82379439052835 109.1255824560254 107.79161528431636 106.7402524350013 105.9008079626744 105.07538651775609 104.23992132161733 103.13981825878257 102.44666750913329 102.00047942519085 101.67133018432445
126.60968631101007 126.55099003603277 126.01980781425536 125.86975539983368 125.75812619071472 125.5882477364385 125.53729356852344 125.19508364699522 124.97671673609287 124.74073164448957 124.55594949752656 124.481384591981 124.38288280363435 124.72870789789575 125.1082693190047 125.40007254372681 125.37875078551879 124.85496681975036 124.09833332830303 123.07596855977548 122.4175137160073 121.73791204894528 121.15950573136539 120.59705981292694 120.00467247841756 119.3764885632108 118.12890187695979 117.26032212960749 115.09622045287429 114.61198700193849 113.69777839457885 112.82815182340487 111.41606410952365 110.01282189062088 109.15047489251499 107.84020908338704 106.42397585286196 105.60875135232239 104.81181089812671 103.99574634060036 103.14017335311927 102.31684707035791 101.75523049487302 101.67319804220601
128.06588186916397 127.73387118606784 127.42103791136871 126.94650497095799 126.4266859237245 126.2593570325836 126.06170198614133 125.95727109184047 125.38513770192122 124.78415157000295 124.63754188188543 124.65876029456868 124.68836892719825 124.70108457449848 124.96882441028713 125.07208939254593 124.94323650369903 124.55281510352239 123.96166088297927 123.00086700713277 122.26692843844565 121.66242009299678 121.10439089273989 120.55362737364214 119.9816721742906 119.22641986879319 118.01287107127251 116.93302607215227 115.55153674792105 115.08015996291644 114.59568070718416 112.61265124999935 111.38673587619682 110.42015492616419 109.06809085562077 108.07592399876556 106.75112343194633 105.42504838051735 104.69190996985807 103.94701290568658 103.14700885382211 102.34027143743045 101.79694482841018 101.71425289092214
128.77431285666205 128.40209646339383 128.04389708346406 127.68507472086434 127.36422880655722 127.03756795909482 126.80857194713052 126.25664419947888 126.1061990101199 125.96153542604213 125.13464362838798 125.03959627383858 124.71612335654186 124.58232435213318 124.57867819573711 124.49260075756824 124.41901165494896 124.21508515019663 123.75085935388476 123.12908804584585 122.60472442621487 121.57683113226938 121.01597231105428 120.46958339438524 119.9031205202987 119.28505278484508 118.08990512977672 117.39239092370389 116.07647912179071 115.43849795362017 114.61954995478486 113.41202180202309 112.34964793960567 110.63364293276088 109.36734491408819 108.20253261562776 107.18182045542271 105.80081376524019 105.07337160896547 104.07367916041434 103.40063579027544 102.71379860328422 102.19698827089789 101.8277456759102
129.30743390562228 129.02772842609627 128.59346661367883 128.23192997541202 128.0220157319879 127.55757561924953 127.27839313577121 127.07865623770307 127.3524471107958 127.1549607198999 126.93835465898327 126.04892668457359 125.30441172209086 124.94788684681875 124.71434963187664 124.35108441050684 124.2206754795958 123.94954869154671 123.55823690696441 122.97769309155005 122.49598488141187 122.02636481646842 121.02974770004298 120.54839175484955 120.03095895858594 118.9684294073975 118.24122030304882 117.07167266894449 115.81728166179907 115.5458230311482 115.07744785811704 114.35771587733649 112.90424157864832 111.36666854117493 109.35741909989405 108.03114574562643 106.96369891445394 105.84935440800982 105.20848183314473 104.30870442150942 103.65069091879357 103.06700914560572 102.22826124848906 101.73902575325953
129.60360500297713 129.40315877520737 129.14971515818328 128.8663387931736 128.52673984275734 128.7339667946389 128.30211679580012 127.99785664309498 127.72633476641991 127.46930561885534 126.8976121760104 126.62704537718301 125.92264945090126 125.19584142382294 124.81282429298719 123.96364189281307 123.80726100212064 123.42244353827122 123.09408741197782 122.7234880355205 122.34273985241249 121.95807696118707 121.55447704096532 121.11518747948556 119.86459105655318 119.22126777684274 118.15302207248797 117.16823781885891 116.06482396320283 115.64204347279201 115.54300781856091 114.86512071704058 113.51984068176985 111.84828002022618 110.1569900319916 108.63331224465956 106.90650050097038 106.11818062611825 105.22456098518572 104.60651941622844 103.77629506063609 103.20918284743023 102.39774701178901 101.47939032414129
129.99740582353402 130.1678432963209 130.21728993416164 129.7544191735993 129.47611301273474 129.15862569103595 128.8983503860713 128.41447727457646 128.09460030609816 127.79407033571118 127.10573013936748 126.2895722263183 125.98624839552716 125.09619759882068 124.59579537167302 123.86026715343293 123.49108429042859 123.2570760791201 122.97110337736187 122.66427670222222 122.35586253325414 122.035137303872 121.66741328823973 121.23376911836627 120.44199710717672 119.86000908870791 118.97550384673147 117.50934284708585 116.31605101687516 115.71298513768701 115.56241990481035 114.9033717756197 113.45948272908036 111.7751583513666 109.85941136925773 108.37846313704598 106.90159362555589 105.92883146580712 105.60396350479868 105.18315734445538 104.36709972224722 103.65042804589137 102.68842608100277 101.2289758992044
130.42669981919457 130.74893369133773 130.820995613247 130.7699809782221 130.64258533931564 130.08993262075734 129.28681478164916 128.79734451142565 128.4451025361567 127.66263961630115 127.30836908405682 126.38597189526088 126.04333774887841 125.72907924123753 124.18141710088462 123.3200731700118 123.17621437306475 122.995410402642 122.80026379067056 122.61427538142344 122.44199576877236 122.2485300877706 121.95547025773827 121.31575953873781 120.63382162555622 120.35609588033722 119.73141794978382 118.53894206001442 116.99557722829513 115.9912573835777 115.30994653795923 114.56176888342287 113.30941992250779 111.50492922716032 109.90844716434552 108.23446664576326 107.0355310771735 106.1110763201244 105.92722194953669 105.6415718763915 104.24051181298974 103.93822563372369 103.28360525843276 101.58891441212839
131.5276104831304 131.40706560222878 131.3317338389309 131.1979320029093 131.0328727990731 131.03449731495465 130.3121064518195 129.94603244372115 128.29252933948987 127.88095429610834 127.49566314308721 126.64705906246414 126.17280442921923 125.7497611808114 124.94247042948383 123.07591831327734 122.96553176640056 122.84766088357361 122.74570815182416 122.68123518791971 122.65674175785679 122.62840952939823 122.28617526039145 121.80547166433328 120.92152039437487 120.57940431750248 120.40091803698763 119.29427619322523 117.67568777511924 116.42253543088059 115.35256564611507 114.25097946331242 112.77939648636485 111.40291935368928 109.96138511765506 108.3527847157571 107.1446087197766 106.22220761635772 105.94293784249537 105.64380545878507 104.30465885300258 104.00890244361494 103.65158791357045 102.54815336531237
132.32865344844646 132.21565788878445 132.08595353178328 131.9961602062108 132.1715229042196 132.1727167623311 132.18151126300924 132.36408764113725 130.17747419040458 128.66376456818261 128.1401231400168 126.7202014560644 126.21624772182759 125.24859541338782 124.89073086081815 123.72021094808127 122.83459836310308 122.77800611053812 122.76006983313066 122.80516353505159 122.69107917402707 122.93777311812671 123.08487793764833 122.62889041463097 121.30516590316068 120.63243263645693 120.41906684209307 119.4817510074989 117.9950202653201 116.6477646317155 115.28798726332258 114.02121587393546 112.95410189481146 111.46964006550233 109.96245535436876 108.67953525470806 107.47911691559469 106.42300466682588 105.7203698753835 105.14280060667434 104.52647127629007 104.36583233185823 103.97083810938904 103.09903653944295
132.7016907957452 132.5430801813854 132.37199275596137 132.24286787671224 132.37706260779402 132.35003061443237 132.33416472277722 132.50758325302243 131.34231949651453 130.97504037286774 130.5271342266518 126.77764905928984 125.68521809093941 125.24648368500294 124.86111633076969 123.60791679191253 123.52338822277265 122.74565415133749 122.7902785688651 122.91217794493598 122.9173174259984 123.30063007803174 123.72107035079249 123.63048437689035 122.12222710372656 120.8297282104354 120.0034576561513 119.09676237842503 117.82070168482444 116.5642281568784 115.20991307268858 113.93436504698008 113.01876582098849 111.78055108894297 110.67030953900075 109.2339365333305 107.89107795636207 106.85021716513458 105.79226728363832 105.080700052702 104.55181797045182 104.41664861483726 104.0660269576235 103.32952483187287
132.76824049138617 132.79173430647958 132.95812220034074 133.0628687423916 133.16528103773413 133.2607491402466 132.48061176918634 132.64904988035488 131.4428786667449 131.05777743081606 130.59419885749216 127.22689579961533 125.80434226558371 125.16618263926249 124.63193827615493 122.85075910404626 122.92020636690648 122.23326841557468 122.46982906474821 122.41013976944208 122.6702194598977 123.25242731229248 123.74509069438317 123.68715524360918 122.54410607977402 121.00288748140832 119.79906455768575 118.54236668534097 117.39181217216779 115.99601523973007 115.04891704206067 114.29037226110526 113.30130552755764 112.30097026284147 111.33395308595048 110.00420643883058 108.81682967212474 107.56294323536298 106.25715641686672 105.43353216601845 104.84621993698177 104.41414981408232 103.91554308397785 103.21681114095723
132.9692634079614 133.12613784159547 133.25036310296483 133.36700120283888 133.46713744344214 133.5501704125108 133.8597060653966 133.9356739556972 132.85963576221107 131.1373537912106 130.90674082455635 130.19650223495702 125.83334062339853 125.20413353200269 124.67584882889564 122.86204301104974 122.9303207142857 123.01346500000001 122.53985865342291 122.3074444546329 122.44358735586933 122.884702118253 123.17616459499513 122.90506985678999 122.09084503812048 121.00465555936128 119.33939185855421 118.29737342035041 116.89452833849236 115.65753012485105 114.92435555521071 114.42118661849564 113.79951480892598 113.07584581375961 112.1797435009293 110.71873303355603 109.55896659961894 108.4349313682711 107.13092278637583 106.11714339048797 105.13816743086626 104.3463288307884 103.63061473473165 103.082369864813
133.66311146576135 133.63303470563247 133.68554215726138 133.76026086197612 133.8293603970845 134.1199729582648 134.1812733559902 134.2259733481227 133.11332406587235 133.37379972784643 132.8602120170868 130.28090506304557 129.5112907240522 125.24793383927496 124.7292960386559 122.85994375647671 122.92261952830188 122.9962384883721 122.41239237248979 122.17816749000762 122.04436684746094 122.31467121481354 122.17997193278971 121.9594456652768 121.330098922696 120.45423928525543 119.10290723386221 117.7298911449872 116.42928245793719 115.38091317753704 114.88093591455883 114.65204386294425 114.58044244194814 114.17403995577604 113.07531721965996 111.51900858328929 110.40253608672585 109.41576731530034 108.10667037926918 106.67357725816292 105.37039551378771 104.29452144359371 103.42891135769335 102.93254897047606
134.41360614306473 134.2613275265682 134.22413487575312 134.2356383703431 134.25413888201172 134.5199201686163 134.5361567958228 135.42666742976064 135.48480762000295 133.6109247099697 133.09495966108952 132.465805108151 129.62584989163878 125.29602607665936 122.7990402631579 122.84688710526316 122.90129579999999 122.96237948275862 121.67366156136606 121.85269898908665 122.01043657700173 122.10488863671866 121.31174205015772 121.05139513985267 120.51753805162602 119.78003955256384 118.9389864008194 118.06626040454566 116.39684605224177 115.48579411067271 114.90415200884775 114.87755649819995 115.04626915372057 114.9269931156719 113.78896353225551 111.99249884282547 110.9823994525144 110.25282223352144 109.0486822656389 107.34404391745487 105.73277008799215 104.45718782456295 103.51770506554031 102.95848015530474
135.06992195391302 135.02497631747744 134.9987447393734 135.00367934985124 135.59074753036435 135.64104917431192 135.67615951176296 135.69937685219972 135.71407404551715 135.72291742849015 133.34391890406673 132.72305145004478 132.00207261886266 129.3994293939394 123.93939 122.82585399563318 122.871015 122.919189 121.38546991852361 121.49374843381311 121.56546048865516 121.5664547131535 120.90484086775078 120.60687894664376 120.10752497153254 119.12791299532628 118.38724627466415 117.61257202245979 116.46543531451334 115.35007595867768 115.14020630054434 115.02022800586327 115.13334776627704 114.9981867964933 113.99236358226179 112.12415708995076 111.13268075343056 110.89502763522583 109.79794253433612 108.06317701098226 106.26688366594585 104.8836958364068 103.84108605995793 103.20947055372189
135.7510215913533 135.8788163517153 136.2002307698129 136.25252715838025 136.26691084350344 136.04778724001596 136.0148666282421 136.54471963038193 136.6523866753063 136.768670661095 135.09288837251952 134.79282020826477 134.40196930823487 133.84527787344263 131.67087228643214 130.80922457671957 127.75105301199717 122.87237166666667 121.08481314473039 121.13106461538135 121.13296084609047 121.06401501690347 120.22993597498892 119.90912135750507 119.43477346544093 118.82380455506654 118.11920080399717 117.38501060175841 116.69988362217336 115.83721619486103 115.34942824852308 115.30468700599926 115.64608676748746 115.50530906930477 114.18603122606943 112.22890957488337 111.1400594509608 110.96952949402957 110.10795107872391 108.60632182494213 106.62055239164278 105.2637542959311 104.23895683744882 103.52720964597559
136.44377950519126 136.76632645179617 136.85585408818744 136.78957358425882 136.90196983720566 136.89896512589044 136.78139271643397 136.83733553115835 136.92314596706566 137.02710151241575 137.13575828259135 138.1739623950177 135.2967129108188 134.66524961101211 133.9592452864213 132.0187529234973 131.10536714689266 130.15798014285716 124.57567594462668 123.88132876651048 120.73337800979576 120.61531493645522 119.65054747486211 119.32365324873362 118.88049803174619 118.33678451006155 117.72823854355237 117.10788749790669 116.539264242111 116.08538492043226 115.56269097848948 115.45074159718264 115.74370012677285 115.64592278664144 114.33806162674024 112.5380282785851 111.18646370717411 110.65523731057866 109.82324863102063 108.56928676291314 107.00846409173242 105.76071935078355 104.75199371638206 103.9676755602044
137.33571224451265 137.60263075942922 137.6461845250187 137.58825295126442 137.520400701121 137.49362338389298 137.19922144416702 137.2280271270426 137.18624375572384 137.286608442032 138.2214040423738 138.28536999234555 138.33403224538023 135.47428070768993 134.8727375363775 134.1475589107058 132.38809522857142 131.444585 128.04533670436186 125.26053690243768 124.33634136774182 122.92791362031485 119.16665300224723 118.84729819000694 118.44098291521269 117.96271973020625 117.44191536208349 116.92005025717883 116.4448119138482 116.06144576943981 115.80355784142442 115.3399689233308 115.41416885568069 114.88712300459837 113.99205230573878 112.60685026398468 111.60801053548167 110.62680281041395 109.7772081091666 108.68740965682132 107.21591154407112 106.03692971348393 105.03709407944741 104.22262166871859
