idw.asc
NCOLS 250
NROWS 250
XLLCORNER 2.0
YLLCORNER 3.0
CELLSIZE 1.0
NODATA_VALUE -9999
[rows 114 to 132 of 250, columns 0 to 43 of 250]
110.68279140983479 110.89411521853384 111.16900699871083 111.4951544900631 111.71657251923595 111.87807982847146 112.177630063254 112.43559984776799 112.7304077915018 112.94409347784406 113.0313149158142 113.1164290515 113.42754544099031 113.79589115644953 114.29080945481928 114.95219807764397 115.34011167304219 115.70558825489712 116.05079933666212 116.35666947066332 116.66989029152788 117.03229370360411 117.12949987829955 117.36834183741801 117.55547219291051 117.91017732915455 118.09897930379428 118.3874120082374 118.50451976242996 118.85479891650093 118.96790209278325 119.37239588141789 119.5617297879693 119.61158701518823 119.84510709153494 119.91445812983055 120.12698606428594 120.17888277269296 120.25224445766725 120.48459132229792 120.53836427071647 120.85161793635568 121.12274853749538 121.44426872868466
110.96660519540622 111.14253063056084 111.38261902520969 111.63703376697664 111.76829346311114 111.86429870638077 112.02715591308429 112.31701217555855 112.56769047865421 112.7799650050011 112.92515093766974 113.07583898554903 113.24805324441427 113.76795771003611 114.31006631667654 114.80938022596824 115.21859246821313 115.71141222963705 116.14321248829064 116.54360264039778 116.86996984555681 117.01104602791322 117.0662779472724 117.1303464373024 117.35684202675601 117.66864321408629 117.83948457125081 118.07851743762755 118.45291591121843 118.57415329019906 118.67755574594855 119.4449376799364 119.50498345661411 119.73277275271904 119.81378198648119 119.90989434683571 120.12677850571943 120.20637359331974 120.26719072040272 120.32820156702516 120.52308272581243 120.77766619376168 121.05633132689997 121.47226710836905
111.13682581216676 111.32722506998313 111.49496143826781 111.64180175556861 111.78329780337423 111.8107862003759 111.91584290909393 112.17079022345185 112.4848874763251 112.71608237001699 112.88654949343714 113.02857348561757 113.26170771696884 113.63744456038955 114.1389141137663 114.74161651112324 115.16655726380996 115.63514819942287 116.21405111873388 116.73235461355515 117.05928220839482 117.09351028491777 117.01425707576495 117.04546261633337 117.21199084038722 117.48120544985082 117.63511541096639 117.97559896865576 118.24289367660703 118.38260686018667 118.69095463985116 118.89210075557222 119.61014178133885 119.69757446822497 119.79148102465767 119.89016564454806 120.11824777648266 120.20764792175964 120.27204168494511 120.3413516161138 120.415720762965 120.86895981703775 121.05286467545048 121.14823679571991
111.2996568453009 111.41034478773108 111.55097684815559 111.67723486685023 111.74061031376019 111.74429607464064 111.77329002051565 112.08983859187472 112.60743740892298 112.86183876197475 112.94446202276453 113.0496201128088 113.2241540545047 113.462161478155 114.07818578708061 114.535339764791 115.0881876412223 115.55595398267997 116.12954898946927 116.7364500804357 117.04905173767798 117.08344608103079 116.97195986505216 116.89174877409077 117.2095327703138 117.33361878776702 117.67642550740743 117.85051229145323 118.14105917567773 118.40178097506589 118.61924459501668 118.81079524891538 119.11439847199709 119.64947416766796 119.75731855220685 119.87125704526207 120.11037308126693 120.19288610336135 120.26644743323259 120.33871140373874 120.57074888235704 120.72810650833968 120.88808110075924 121.05501345117457
111.24591666389033 111.39263584902316 111.55332637551174 111.6853667127216 111.74873694988844 111.74816528910306 111.7850859743455 112.24208857379641 113.01543132213102 113.12038216166768 112.99736675303727 113.01854757656983 113.16002612874956 113.4306548506553 113.89032089641312 114.37296351636284 114.97512129299282 115.39004366541884 115.97081102561138 116.45188125554175 116.73916533599898 116.8791351042761 116.80942653301638 116.75067629557081 117.08931367333686 117.20457929512597 117.57442276756994 117.76227189101566 118.07369440715027 118.39955470695763 118.55324946898847 118.86861128512612 119.01570565823502 119.56149485600365 119.70554447626316 119.84005213502175 120.07615031703801 120.16781610971884 120.23729758663653 120.29454024701096 120.48179147028588 120.70768562927601 120.76704718673214 120.81046391603934
111.09503383397728 111.26868239907527 111.45031094960252 111.62484477542169 111.73854279462297 111.81535139529865 111.97338113006846 112.41441251083427 113.04900873209272 113.11715764838178 112.97256852637217 113.00994710814844 113.14272050026275 113.42294274811339 113.76357985440765 114.17374743581794 114.58286901884632 115.25268624199806 115.65028973835781 115.96386446869509 116.23334603439186 116.47860749370692 116.48565780282706 116.48371856306562 116.71800176850213 117.07403979977651 117.35839867814371 117.58599866555564 118.08837270483234 118.27246822304463 118.5821925112221 118.72270176920799 118.86149176158727 119.13947304418416 119.48252228011552 119.65803690713867 120.0335453999189 120.13974889478949 120.20002194624043 120.38625853681896 120.40373418187572 120.52427291723413 120.75691578087725 120.80687105868877
110.80097935689423 111.03211475544579 111.29769604672616 111.52889239787811 111.73358871106866 111.86140864332926 112.06880537991198 112.41113430340914 112.73674006097934 112.86056915537621 112.85277949288273 112.88755891631759 113.13213170328426 113.4034135060702 113.66896935336761 114.10840354902165 114.48984566864766 114.91362078230058 115.31974495245451 115.5198314132113 115.70227810213535 116.05847494065124 116.15041628646213 116.27110241064264 116.5678870262211 116.71610787637502 117.15347234503832 117.42323547509243 117.77745803868241 117.99641577987275 118.31488642560238 118.67874199699139 118.77278717017373 118.92581547538833 119.23907573172275 119.59183506696867 119.86302562515625 120.01232779493492 120.32252391372023 120.26367163918636 120.11380864735534 120.17264235168103 120.66893131742145 120.98098440802198
110.43647861281913 110.73575860969989 111.10042705057278 111.39599808652936 111.66074201431077 111.83476345169969 112.0082366573772 112.29740289641028 112.49425349732199 112.66579396389025 112.74955589589615 112.84605168979819 113.06778090281108 113.27656367250208 113.61724612992957 114.0784953494675 114.37160350205788 114.81481724856683 114.96088513883625 115.07202885418867 115.26312536805136 115.66729342172759 115.87178668179624 115.98517162530014 116.35836450274522 116.57808490996139 117.08747783958984 117.36783003423507 117.76183957132275 117.97561239972023 118.31119513655194 118.4561862644184 118.63761344872202 118.76244020983161 119.14715430254432 119.5817203073349 119.79797318106363 120.15557553693989 120.34366127032467 120.25332127252095 120.11376712168703 120.16185472955829 120.67376546173331 121.23393360973334
110.11369376158622 110.50957184283277 110.9594374001651 111.2815481509287 111.56916287375594 111.77138246376867 111.9510394243223 112.22739060093224 112.38680819233453 112.52242179804342 112.69812006726626 112.87817829369708 113.04200943048444 113.25194264162737 113.53909690772308 113.90100259349863 114.30393867204467 114.64528262330882 114.8703435112518 114.91765608671297 115.03008099801518 115.23914795035944 115.4329640360181 115.66860910102501 116.05748671152318 116.31513190367588 116.88286049681811 117.23290055909183 117.69983692211832 118.14004842706609 118.38411185752682 118.51967678064898 118.57380786824882 118.64463277980673 118.9655610649447 119.48293992577592 119.80438087305122 120.12754254226688 120.37483837115572 120.51160918641571 120.44552928129612 120.62155426662555 121.0606551890585 121.54316657199082
110.11794202032985 110.52112690688271 110.92602915693426 111.18533927414258 111.45239881881254 111.67538333805678 111.90745734717926 112.13424561955712 112.32989684130924 112.47389396977616 112.65715065431093 112.80188891586849 112.94288215878403 113.21141373312669 113.47289152185725 113.87985954744929 114.26816578063669 114.71551216820951 114.92939106888208 114.9396362173181 114.95404936525765 115.01889534875312 115.14696917808543 115.43574119812611 115.77247480003614 116.04842993606817 116.64699198372942 117.1686582561789 117.5940591380022 118.15962156643563 118.4446321754695 118.58554168555307 118.59639585974766 118.61403251482498 118.87720897295577 119.29263517167306 119.79416370785468 120.23787166259638 120.43441023816182 120.68189331293156 120.92465500244435 121.15936390139962 121.53438537239992 121.98979715035145
110.46574564352642 110.76306365141623 110.99713438697268 111.13305487854997 111.3825955169716 111.66902299259854 111.93721724429375 112.08627881705031 112.29362176601498 112.44302390860581 112.61312077457785 112.81012939384196 112.9549246619225 113.11196041747887 113.35793963267773 113.77169528857746 114.20121307426956 114.64208875539498 114.91000277715314 114.92737072374172 114.92419105051684 114.9356125140668 115.03133577852044 115.29216376311327 115.50913148180858 115.78951112027082 116.26988537996678 116.96785025347978 117.44241948640786 118.06764798582883 118.40398715436895 118.57336878427186 118.58848423818544 118.62056483708402 118.87293386370142 119.28604148267567 119.78306327632258 120.06497896447442 120.29618315705324 120.7041042117653 121.15244054358668 121.54453600749936 121.99205705630696 122.29335161399477
110.75537438689635 110.93021115206639 111.0143552624686 111.04678084310483 111.32845995716946 111.7499260973077 112.08973030478035 112.21191412619363 112.2569464385722 112.44881466201555 112.66749929975488 112.8482363969362 112.96915745931845 113.06277223255064 113.27189609658339 113.67939995810245 114.06549700552823 114.47198859292168 114.75744912361559 114.83503652561943 114.85458876759597 114.85930461993605 114.9346865788245 115.1685190737649 115.38703143944457 115.63637254536229 115.96654976947896 116.58971818606976 117.04543141582343 117.80347347861532 118.16258382121944 118.3707154884197 118.47321393939428 118.5973808933931 118.86304892833157 119.35210665427631 119.73970160254834 119.90972790957856 120.01264029852234 120.47981801276408 121.09515401531421 121.68826719644088 122.20057016496267 122.41401790391068
110.90551786627896 110.99609829571177 111.0190244197163 111.05279498160694 111.37931611602714 111.90998041606832 112.33125020598281 112.36400941335158 112.2863374652242 112.45016046747035 112.73996847322044 112.97719012166858 112.99920878351081 112.99386363343905 113.18942447374494 113.55885317049623 113.90388840260884 114.29982306544153 114.62100179277996 114.7706484960331 114.8116506682267 114.81552125791124 114.88069909575438 115.07030431230997 115.27041797514816 115.5166172864869 115.81488350000207 116.39496036666124 116.7824178849947 117.31199242286773 117.83051620713124 118.06720026809826 118.28314192560468 118.4604073290329 118.8698715168368 119.31881413418947 119.6968441777369 119.81804989160496 119.84593793966347 120.28509899262119 121.02310398688468 121.67369046316452 122.22028224446515 122.43325473692515
110.98307146035208 111.04132852606415 111.0845008357294 111.17144271482508 111.46134379294693 111.90906640146673 112.32176376664297 112.35093739391704 112.24587544548108 112.35481416654494 112.71838206153852 112.96945260631591 112.9918588255819 112.96255378629873 113.13136884846763 113.41256660269563 113.71218075767351 114.08709332419325 114.4809918296983 114.6588554991911 114.79423096518293 114.80251708044743 114.81948357766908 115.01936571172429 115.19075262895196 115.43800186466281 115.69192629309971 116.19265931417175 116.5121955000195 116.9874825701653 117.2960358793193 117.83557710695483 118.0666469311538 118.32549173175909 118.91809358318686 119.27287123431165 119.63364841492374 119.80241337254085 119.85221354528665 120.23377109057483 121.01722925779474 121.6539999792443 122.13574360659439 122.4547363705548
111.00047455348918 111.05273816958189 111.11379005579529 111.21019681102601 111.38516083768677 111.68513077179175 111.9671112172112 112.0575576718183 112.06605950859152 112.19960330236931 112.49218105819251 112.76747131065807 112.83301132397659 112.87595647287255 113.02386913076163 113.22469132616716 113.57017960773786 113.91657504434973 114.335452585161 114.52469058031723 114.68034194743319 114.74473534631444 114.77241806909971 114.89960664305525 115.05315441579495 115.25196856954967 115.57054174743136 115.88413816026772 116.25682414415814 116.68593069294806 117.08171380097085 117.58420199154547 117.82903887508279 118.28549509379074 118.755820673466 119.11881835229173 119.50340905288742 119.8070769011183 119.97061597822699 120.40309272580339 121.02957442279667 121.66478821420256 122.11598094186947 122.4632605856101
110.9755166947131 111.01579628421376 111.06337503087896 111.12318176674476 111.20142310940633 111.342924038322 111.51298019344885 111.64946230592318 111.78243167326045 111.96471775296529 112.23401256344238 112.42572807787012 112.55298636727703 112.74672582500166 112.92525765710491 113.10754101124084 113.50448049242623 113.73157764644493 114.1638408678355 114.32940045825046 114.52261179044521 114.6196858228191 114.6752978785488 114.8479632091855 114.9830770533662 115.12759029794098 115.31021800204124 115.69540461354019 115.93262455154996 116.40652944144433 116.85263581866428 117.10024072529629 117.65734842585339 118.00788584157515 118.50347092617285 118.87491674530747 119.288436433751 119.75199904215874 120.05950009367243 120.48485930159521 121.1437158385436 121.71655737399469 122.13927679600818 122.52681752403771
110.91143841828084 110.93287234124155 110.95491120459671 110.9736153286727 110.98333558950321 111.02212931080882 111.09730221727449 111.25590082223111 111.46329195440431 111.71624255064152 111.95163591574104 112.16226978566462 112.32570673135515 112.56115595890736 112.85497218737758 113.03506599230619 113.23025648617926 113.69855406086295 113.97090988824773 114.13608340506848 114.25280374361348 114.46097767099045 114.54082866085339 114.75585822348604 114.84949396876407 114.9852804971851 115.16054194396379 115.41117687254031 115.61519272198105 116.09038631563008 116.57419281836539 116.7928900274597 117.1354172481428 117.61068734872303 118.10935763327983 118.49504884057413 119.0558311429339 119.63161286522244 119.95389347875535 120.40175423087352 121.10865894288811 121.7719077844248 122.16753303172558 122.55399676765109
110.600907573576 110.70205709320405 110.73151795550538 110.7604667990238 110.79521993057685 110.85327152624602 110.87068015280914 110.98675713099132 111.18803084520239 111.47067848440791 111.71841798500715 111.94145160659265 112.239012254558 112.44487684624853 112.61407767612535 112.78272053657534 112.95396380910894 113.40490022205684 113.67133695071887 113.92415369358581 114.06066529702449 114.33749522761703 114.44409234452355 114.53135903157202 114.68659354093363 114.79870908923553 115.00385130782588 115.21276323482378 115.45819647738783 115.90924875652775 116.40951047481197 116.59919011813565 116.89581672283177 117.22416502576715 117.72207593733086 118.37704656144736 118.79867741274057 119.19725549945244 119.75915660611881 120.27639061893962 120.9760637469671 121.67921219048827 122.17199031635162 122.52186670663785
110.38624260211398 110.4308946171141 110.57302876699488 110.60438866186036 110.65133799266235 110.76263167508853 110.77014125561755 110.78509620407793 110.98871800698058 111.27400138305187 111.52178784696531 111.76538677771211 112.10355033241636 112.30323448250527 112.48032023453311 112.64099804338086 112.83184831190673 113.1157901164655 113.366720031845 113.52645102467531 113.81973919731512 114.18964141759173 114.33141660073277 114.3833886981138 114.49148462207589 114.66227775851016 114.88476571800051 115.08392267192744 115.39838361664212 115.82922076162696 116.2296574322495 116.55845137101444 116.66571364309574 116.93795704071589 117.42615591421938 118.04737798205907 118.55480893458679 119.00564547276751 119.63133562471398 120.2173416904362 120.84885919971767 121.5717978924334 122.15145135480121 122.49600641690336
