idw.asc
NCOLS 250
NROWS 250
XLLCORNER 2.0
YLLCORNER 3.0
CELLSIZE 1.0
NODATA_VALUE -9999
[rows 133 to 151 of 250, columns 176 to 219 of 250]
104.17207805027797 103.951876354774 103.95629005820064 103.33166559642137 102.43095045426723 101.67821638878142 100.8247840183297 99.8661531013802 98.75085349926542 95.46797733227221 93.95177699724965 91.59929917842246 89.59407910328841 88.02550984678902 87.56952109266437 87.23223804335726 86.5939383302332 86.01512181170355 84.06532131090815 82.62180489743463 81.69281221071607 80.72399539592061 80.1878897830553 79.28775438761384 78.1869854060806 76.70662020453054 75.01067860857214 73.17490185026772 72.1555027379662 71.6053904440743 71.52402369955236 71.62856844552601 71.46586150558926 70.9217637123176 70.09633593564578 68.87888704978366 67.83067624217519 66.72659016749095 66.09926723938814 65.80906504361111 65.5966415332605 64.97080810799172 63.82201920045448 62.43517731740096
103.84032238931167 103.81564679514322 103.84435477997135 103.32228918591017 102.40483789732956 101.62182792457922 100.7911035318838 99.89219983199165 98.21992047443096 95.66702708583621 94.05263150196619 91.60728245310182 89.53612485049806 88.50780803022597 87.84685647318071 87.52604843215191 87.15952634963809 86.54083185698363 84.80300592876368 82.59866782146906 81.4223334277723 80.65079797176226 80.3593689181666 79.83640938648247 78.92005814299603 77.62230177649263 76.04308928309557 74.3583372622358 73.01995029518926 72.28132275152662 72.15313498966344 72.01022985056163 71.92511925865122 71.53870994813758 70.85494228602634 69.98079362168407 69.01157717471438 67.1277651332923 66.42108404231202 66.00971266944127 65.93964646880438 65.45542447773236 64.42198157578396 63.13456021126233
103.83240395007473 103.80967276522051 103.80407644824535 103.21823944525502 102.23933232908003 101.46594296020872 100.23052734939706 99.4134390568602 98.43642202492848 96.04524213952043 93.71788032217017 91.10270421637206 89.61623482133571 88.46113265966002 87.84816924180438 87.53347817866957 87.44417860089196 86.91857106624624 85.58558170913791 83.18363358716385 81.40115316693586 80.64218638073227 80.5598167058335 80.28706133127997 79.50387478463762 78.51477744890852 77.15584615794482 75.69342734350583 74.31272796417906 73.38577894079968 72.83482462183764 72.65781620496054 72.4634975632928 72.11381857620175 71.46210029355267 70.55559044752498 69.44165013382954 67.96171325127987 66.48512539774775 66.06330915137627 65.98661589437637 65.57071406265396 64.57064210461228 63.41705859735242
104.09161478081845 103.9900132951514 103.9706916695097 103.51476112057145 102.28897304512166 101.2275639642142 100.2325532025598 99.62891278144166 98.81181667239261 96.74397114116043 94.05315514793806 91.6947253205096 90.09211124656932 88.79338557400156 87.92056125765059 87.54027955952263 87.44821311502709 86.96165499317861 85.66487380134186 83.59907886976768 81.86460392293046 80.71023209654142 80.57352651786489 80.32271369584144 79.9815315935628 79.41242316311367 78.36399648184519 76.77368302773733 75.50048912665088 74.26024206838815 73.35418817544608 72.90900398187443 72.84986201669415 72.50589264380551 71.91104131697927 71.03898647860845 69.93654137469036 68.4551902578726 67.12344164136758 66.46078747870557 66.12511776023952 65.66887286911226 64.60535502199693 63.362567113262884
104.74163199599313 104.488514875332 104.29020261150299 103.57558463886056 102.59747890998649 100.66301933175514 100.3277466313525 99.77265973869797 99.0899374567167 97.36919395680563 95.680115734311 92.27113077384634 90.57669828847699 89.23330531483157 88.30258585865585 87.76006540242234 87.38793774519404 86.87953442538011 85.7933858168094 84.25690340938779 82.52497531510761 81.51452788640965 80.74234987519817 80.1320893086793 80.04420382541826 79.83608543802853 79.08458057452663 77.93404188419271 76.34545560993503 74.82813635845774 73.72191300815477 72.94909264567418 72.91363139704232 72.89466349560787 72.67586696287523 72.0887427083223 71.11341637730314 69.58878888208429 68.48204491796739 66.95617553259424 66.79035249630128 66.83637002804608 66.64737194514971 64.21627767654482
105.30746828658299 104.8575980154269 104.37687705595764 103.6898564720333 101.9266430428887 100.68664508839863 100.49164379637024 100.36081314958624 99.52861450779089 98.30997291182086 96.67309243100556 93.99523507731513 91.6777048124296 90.31015986814297 88.84341482103821 88.27853944392997 87.58205791711767 87.04811075237646 86.17164330744002 84.9695539517289 83.662394468827 82.29105645081097 81.13558741349453 80.27704345530192 80.15961456586952 80.36439641242731 79.61474341595597 78.70295827306798 77.51485231140543 75.8933333568375 74.6789526624701 73.44026728744933 73.27990964230491 73.30243601240912 72.87285842263626 72.39284341841821 71.62371248409208 70.2335849937245 69.30227077490608 68.22960715774306 66.99959551724137 66.94397684112148 66.86499181632956 66.8892624917628
105.92653859350318 105.17562344574344 104.3624432077133 103.43079158812519 101.74379368906358 100.99202626411181 100.76419477706048 100.61146402816108 99.99669104774877 98.74402356601031 97.0915313515185 95.36240256942257 93.79569084639692 90.35756416258383 89.54557578127756 88.97080641136202 88.4987447912597 87.96117957412929 87.21501233093298 85.90599903837962 84.77178684777309 83.30280298289564 82.00463338292448 81.22039541270777 81.04817577165119 81.2904289630812 81.39659677914493 80.10851994757209 79.11098990914753 77.1744897476336 75.98149597366557 74.85420786687371 74.09019923014176 73.93800771393974 73.28853675585215 72.47072468970377 71.77204835426492 70.91575735436464 70.07724103446512 68.83374614205484 67.43146078787878 67.30886831932774 67.0870266172113 67.04435503966862
107.27159232660519 105.55940731401378 104.59680854066833 103.51001506678469 102.04086282024107 100.98181637104037 100.76137458722602 100.71241032829472 100.00197697459892 98.7835395955382 97.2101417678653 95.14724989561822 93.71686111564892 91.62539457230814 90.18214749935807 89.6852257080752 89.27638454391897 88.80461989461925 88.16087795405946 87.32324901332755 86.0278571771703 84.96508383136495 83.7003349409274 82.61735536050335 82.29761847182242 82.25308435727744 82.1728977106086 81.82423140816364 80.8757991483385 80.21383502443152 78.66711350059317 77.8198681126371 77.00051019877472 77.0314355361622 74.67720387166858 74.29603150372007 73.74898070499279 73.08633058127137 72.42366234008422 69.6555576962743 67.82758833043478 67.66083977777778 67.28532762568565 67.1831552699297
108.42920387479552 107.35791206745435 105.00033459524933 103.88183868607213 102.34567076652117 101.01498004122205 100.91227577826989 100.68301454853847 100.09050054847454 99.38982414179789 97.13285280973899 95.73119708788239 94.45816893605664 93.06481273244836 92.27952045594006 91.17483413021385 90.03541918521249 89.67725912820887 89.106286674294 88.37539047151317 87.54701576244047 86.34459061236926 85.17597005126582 84.47686914274293 83.538535095672 83.29790703271695 83.11892099769217 82.79677537042026 82.26046710644924 81.52771197632536 81.16173706703209 80.08847584011409 79.23394763060901 79.2084743405121 79.44071741170298 79.21897253636435 79.67875353201694 75.2367275900928 74.73846205525572 74.30261643387422 72.23403429364397 70.678681338227 67.44511023568654 67.29512784059303
110.60331455895141 109.19542610026612 106.90148803391835 105.47889172346072 103.16987817004156 101.24861588343525 101.0116073757795 100.49591003248662 100.14695014080863 99.04498625023739 98.0805799991419 96.90311463145572 95.61811371440287 93.19789415899604 92.34167503870208 91.69372230778426 91.03990446880921 90.8200357749698 90.39595420288602 89.15162011664036 88.49801035357503 87.48043217142097 86.34137683454193 85.4274591219774 84.97804066319999 84.7218750273229 83.93377502442495 83.81919498419568 83.455225709688 83.16561927948737 82.62919846639637 81.64763580045023 80.88938675363292 80.80174674626511 80.90053559740483 80.54261216483319 80.96041571851723 81.32861090625941 81.68626792011078 82.01546915321688 82.30873890411746 82.15665087379566 79.86536319849733 65.55556
111.20091520995318 109.67701357228368 108.37598827765154 105.94295992805928 103.51145358756331 102.30243583699703 101.34579005392008 100.52781048815547 100.08966000145338 99.43330423343899 97.93446783945566 96.8040628032924 95.53069765325166 93.86917344838585 92.71340216489467 91.73472544691288 91.1390641038201 91.0699616525216 90.59213241906762 89.85553973274386 89.23768628966603 88.73381600328689 87.54011727156677 86.42947622953989 85.4531983107346 84.975955666298 84.88232865229091 85.09631207857957 85.44694491992962 84.0199344571634 83.70312009393439 82.91323607084388 82.28903639855267 82.20901464235524 82.52078070866675 82.08116430404526 82.28219096011011 82.50330832175958 82.72195649552296 88.37415355556129 88.42783647270383 89.99138084022039 89.993385 78.86803465298641
111.99653775032944 110.9131446981617 108.77365754827213 107.61537070912256 105.21270151504072 102.98634582349611 102.48871149427859 100.77870535463285 100.28040359338861 99.5952225525 98.06739381329857 96.96191278248813 95.69969049202643 94.06285914503384 92.91555623202788 91.89763343621259 91.19125363065626 91.09832691598277 90.63294434423184 89.46293804426016 89.3462722338645 89.02792377292738 88.16858480677654 86.55424881771584 85.31192703753823 84.56503234931526 84.53441574939636 84.93343946025173 85.46007123617868 85.97704900297956 86.44133669282904 87.7768159298475 87.47280169548881 87.80039314578663 88.04860019138721 88.11627824577386 88.26944429641865 88.38002580315434 88.45905089730547 88.51480461163416 88.5534136734476 89.993385 89.9953891597796 89.99697764197532
115.48699742533871 111.29335225892632 110.15685987973171 108.67062559340663 106.3692209711393 105.22031984637746 103.64529801563528 102.57166356417501 101.32395548703289 100.63036217191433 99.1492627081713 97.99766381480616 96.6562749648903 94.86676708308262 93.49286628393187 92.6771565316804 92.17136233181694 91.7039748763227 90.84270493508963 89.54255941783384 89.41313796193974 89.57693976763206 89.1237006846516 87.49833390943844 85.77154953784165 84.66511155408341 84.58976287805574 85.17847378689041 85.9882054473611 86.77637817798458 87.44083541804756 87.95891701913706 87.7388342193485 88.05433643640335 88.28180233205454 88.36396244414706 88.48779134851937 88.57177234072907 88.62738280769624 88.66283194904138 88.68395971064604 89.99588503436426 89.99780755319149 89.99926783018869
115.26972509266766 114.63109234488839 113.4114948013176 112.53022708912881 106.91157172595985 105.8008204442738 104.25496915642749 103.78178517794177 102.80030305332001 101.39738676964805 100.45900843906021 98.77377894851112 97.36049210212506 96.12432118360469 94.75644894242276 93.91582809195955 93.6041481183393 93.21327519363763 92.0625007376047 90.76198028687372 90.25940380986474 90.16403658983772 89.42170482778141 87.96546251861689 86.56136733657696 85.60399583510447 85.47837723866918 86.0124960027011 86.8214689377806 87.16386234161614 87.77883242709476 88.25312013170921 88.091259466779 88.36725561051723 88.55479123548426 88.63400333567601 88.72000080512652 88.77198547851916 88.80071417484798 88.81360804491977 88.81578718335209 89.99895978927204 90.00068443143813 90.00191884164224
115.27257407103505 114.57113335648268 113.27229886092992 112.00830268761452 109.27656824106319 107.1695883064924 106.45688603355785 105.88690632662981 104.28154538947126 102.52013295978986 101.53295030684087 99.79742136542004 98.22273090300266 96.6769630793053 95.45701173442816 94.63742782631903 94.67585012365971 94.54454214172313 93.47324701056218 92.15038551836278 91.34457707815533 90.84953072201927 90.25212414705064 88.99119685304589 87.63275689603113 86.9164822426876 86.74077717549925 87.05395892174981 87.62327491331823 88.22387416615774 88.09746773203163 88.51183208390422 89.02406965854341 89.28210198515568 89.4757933917015 89.66092650921696 89.80023542585693 89.92327452869311 90.03404902755206 90.13395359135602 90.22325569913035 91.38794016949363 90.00404448717948 90.00493277777777
115.29295835540123 114.52776718263206 112.953068340937 111.78172428817828 110.54007900921155 107.57921609126286 106.2804044505778 105.70451425994388 105.3146884476552 104.01710285500663 103.2950564959944 101.0395624179186 99.34710095400935 97.60130113251252 96.12551877046833 95.17560536539638 94.8378689262382 94.71817255505489 94.04007792538702 93.04503084823212 92.20525172629341 91.57961145183558 90.94566204634856 89.78960243014708 88.6488016362379 88.13449946340585 87.95918542846462 88.11080048847234 88.45974332478654 89.10207439618287 89.4712924772697 89.34387696652165 89.37800587441475 89.58242013598391 89.73250585365854 89.86110282058189 89.97861626072856 90.08891627339004 90.19221788028622 91.19372982003097 91.31417954501028 91.42342142994862 91.52045295917193 91.63655072853369
115.27169067281139 114.40050712612752 113.29101629930746 111.60082498136534 110.23721472159961 108.53197826363699 106.11821146678214 105.4812282264662 105.05744028091193 104.81113788318247 104.6212625013417 102.84940257082945 100.51241844512289 98.6774517741799 97.03299584906419 95.84447122001912 95.22475679857186 95.01344667679011 94.24950060988382 93.5812124962278 92.87947417855612 92.27826403650327 91.67354095221602 90.56021812515486 89.52254104412933 89.12269668978298 88.94371130398767 89.19697534159583 89.40832652833734 89.64118177821648 89.82699745871084 89.64575330384089 89.6753486895859 89.80362507063533 89.9171323376194 90.02660371906546 90.13577692028987 90.24396209864187 91.07611378536319 91.22399537441379 91.41835737516527 91.52633719840864 91.61420606935427 91.68377270963325
115.34174718020368 114.41096096501526 113.23346865641598 111.49703994177032 110.06770490673648 108.3323463935943 106.35719284435743 105.3288290721197 104.82439089943225 104.79439693765374 104.80806452990798 104.28660821484006 103.31352961156976 101.82748689315805 98.1897143853936 96.92705377794803 96.14700685790591 95.77260796374333 95.60370811518624 94.88492380761117 93.50958692736337 92.97072259086796 92.40510644029415 91.82573878807902 90.20121776390715 89.81252374887298 89.93320062161916 89.88893907815063 89.92698943883634 89.97833801325605 90.31601014583052 90.28136120047886 90.07973137476293 90.21961697667147 90.4003086641855 90.6091410383379 91.31781955496588 91.62296039360699 91.89996593069907 92.13296474750072 91.4782290196804 91.5898940393523 91.67653114836435 91.74165149781867
115.55671022172095 114.63013383183359 113.47635987758466 111.81699510178358 110.40357316715223 108.70381401184845 107.12060307732764 105.91549873656321 104.93646886628979 104.8754035649383 105.04002604046615 104.68683146251915 103.92697947193375 102.7471867315928 101.36317348646479 100.0939262713208 99.21563806235467 97.54815307515803 97.31846485542272 96.85570170315111 95.81780724706863 95.52065624405797 95.16145465971374 92.72173067730124 91.2085008746633 90.81878678581005 90.54320034676178 90.93796245313993 90.71531918401689 90.48546375930557 90.17915078717334 90.03871956653704 90.07661444987447 90.32643589457294 90.61022732151254 90.93526036559643 91.2920026464883 91.65662755511802 91.96383421510106 92.21741093787521 92.41347830013683 92.55573802602831 92.65202460473662 91.80963960227307
