idw.asc
NCOLS 250
NROWS 250
XLLCORNER 2.0
YLLCORNER 3.0
CELLSIZE 1.0
NODATA_VALUE -9999
[rows 19 to 37 of 250, columns 0 to 43 of 250]
-9999.0 -9999.0 -9999.0 -9999.0 70.93846598167487 70.90032635137717 70.8297298117296 70.57524351394582 70.44303215935847 70.26815404953614 70.0900320224101 69.96967899646089 69.89905386860372 69.79782841453579 69.65272217318383 69.48443879326999 69.29225761394873 68.98029502806445 68.72825343802535 68.4944512597561 68.2272425694515 67.93690149108377 67.42158696735893 67.37894504927188 67.33255927886523 66.47085648226688 66.04756271957858 65.06383503172337 64.89448293101944 64.39695626613751 64.42683722668014 64.49846180538783 64.59991024135417 64.67635547110739 64.74772132539617 64.72320261310584 64.5975186075334 64.38980744470456 64.210807591152 64.06822021647314 63.96443638000935 63.89066130569522 63.83770644264218 65.10205129899059
-9999.0 -9999.0 -9999.0 70.97212506918186 70.96024165076012 70.95968369952146 70.94574966641198 70.76356659188794 70.65707550107652 70.44503700108777 70.16623020701945 69.97143790369043 69.94755846723018 69.91399840325425 69.79101904107081 69.63856434812354 69.43038186258227 69.2754188948369 69.10859088702856 68.94026994905626 68.79718579186533 68.54509198273301 68.24476437998659 67.92047715252764 67.54278655226284 67.42880749933039 67.17244116186494 65.15764006158018 64.98268722634207 64.84864673336163 64.42657140380912 64.47098701723193 64.53136915862014 64.54072955244439 64.57838825321596 64.55672718120805 64.47566950781133 64.35720589990582 64.19545744928772 64.08135851374294 63.98907020627897 65.01228307419002 65.21326933173688 65.89811551798893
-9999.0 -9999.0 -9999.0 70.99119904511826 71.02550409882467 71.06984230994213 71.12114377236063 71.15611734840122 71.10403803071826 70.77421425688011 70.34708134573445 70.00980395091511 69.97291839879395 69.966555785534 69.80340183758432 69.64542504422796 69.5293685965803 69.45129587325042 69.371463938893 69.27907621729992 69.18811232399541 69.1153634099628 68.86345463786438 68.77662238177227 68.28412996610037 67.50827720429653 67.33291174409649 66.80678222559268 65.62816425164007 65.46747663074058 64.82142960589623 64.31072046139968 64.37728921162406 64.42696897001034 64.44721592107837 64.42946230525148 64.37469109323115 64.2941949581613 64.16261467825174 64.07364493797051 65.5746994979931 65.79337702449772 67.44346494366678 67.83733289780652
-9999.0 -9999.0 -9999.0 71.03479467863161 71.09797506811881 71.188765189238 71.3175592714666 71.48049847139148 71.5963283789151 71.41954524376636 70.8122446673896 70.31917287303324 70.12715060231972 69.99635743982674 69.78830419840584 69.54963036192973 69.45547955244614 69.47581462359894 69.48324426755184 69.45122943339335 69.397325994004 69.34115224961714 69.09019295164417 69.03674235804817 68.51263119553333 68.37657825933593 68.21915539683289 67.53488867429257 66.74520870325323 66.04313243136984 65.37579445218324 64.75320418789808 64.76729035611511 64.77178838 64.76272714347824 64.73737230733944 64.69582642523365 64.64177210550459 67.51327469043999 69.2136029415956 69.73702336480682 70.14679771354137 70.50038332656453 70.78231216713554
-9999.0 -9999.0 -9999.0 71.17172747015269 71.25830893852702 71.23585063911693 71.44373131520393 71.73513083055927 72.05681871353548 72.00574437550155 71.3213439154901 70.70711449453071 70.28468038875347 70.04236471417396 69.77335993373302 69.31510694701157 69.25897740912039 69.44101005681915 69.54368146358816 69.56537673412194 69.5441724583428 69.57319914900435 69.53594068751062 69.67346573131731 69.2045845103507 68.96766598289284 68.88746148633234 68.50535440191706 68.83771420267276 68.44469023249191 67.81869003291077 67.3048130254777 67.05236040880503 64.72472840967744 64.71429639655173 66.78690454661871 68.42577113878643 68.81939750243995 69.73718172416602 70.79169335644967 71.3157796441602 71.04684193583616 71.37100767123654 72.59111495610668
-9999.0 -9999.0 -9999.0 71.18986466214206 71.27888111335785 71.4002159971009 71.57135193849982 71.81204194930261 72.06487768022829 72.01433504218855 71.42884470774864 70.88027921514914 70.40198664109903 70.06142696078732 69.94702310529983 69.38256118731967 69.28821495093267 69.49921313169857 69.65807475820716 69.71325794756295 69.79015722370453 69.79953033026234 69.80567512305849 69.81701217830994 69.71222337691538 69.79821714553653 69.55280088321378 69.44227054712542 69.15199486690962 68.85408008377657 68.62647699438652 67.90789977124183 67.64115048387097 69.12639513787596 70.34062970003846 70.59846907541608 70.91002606089712 72.1260192080321 72.61186180488369 73.07670380354038 73.4879805418345 73.82623671819934 74.08516524273008 73.23313712142638
-9999.0 -9999.0 -9999.0 71.18758667230637 71.26780088840177 71.37000443490032 71.49856645180215 71.62230010095469 71.73277234433792 71.65065799933633 71.43399071798292 71.14609356806224 70.6020495896562 70.13411872044078 70.05202617031578 69.89889135224351 69.77466241358366 69.87888948660932 70.05704972858936 70.19153472567062 70.29497673503782 70.37772757478129 70.4495304607918 70.32066531962954 70.28149641055556 70.37671739158247 70.33659428086428 69.67098043988887 69.5710089212904 69.25044673378704 69.06384342100453 68.8116179885484 69.83674199706952 70.89074612514963 71.10415266432634 71.40826537781717 71.9854097564108 72.7096639555419 73.33561009556583 73.72317755678148 74.05441413366042 74.31538470453063 74.50205929122154 75.44011652380952
-9999.0 -9999.0 -9999.0 71.16953553881223 71.23543969928264 71.31215138994185 71.39567704244736 71.44149680651643 71.48704880322121 71.51194851787467 71.6398155361176 71.56596887521432 70.95154821795164 70.52965363733027 70.38374224481527 70.26178957338519 70.15901835496504 70.16876975079391 70.22616453744693 70.29413643542013 70.35695872968185 70.41758158659195 70.4805508862336 70.54644229625521 70.54322851778515 70.65086322835194 70.41126588894238 70.4823675699191 70.53645821995687 70.62047687041799 70.20365706129309 70.9753846048204 71.10007238512995 71.44663737101719 71.71536595352772 72.06450426367265 72.86695309903189 73.26393250175978 73.65818968865106 74.25747812135363 75.64104546997258 75.62519282736935 75.59049043388232 75.52805233503003
-9999.0 -9999.0 -9999.0 71.14177646050402 71.19323572555342 71.24863131444602 71.26317229615532 71.31711133890931 71.39577831968745 71.47890317530948 71.64430892277494 71.58431177548712 71.0237511472096 70.717157174527 70.67084682974472 70.53288097562836 70.41612594475566 70.36527949860148 70.35714867926129 70.36657807547962 70.3908241791813 70.43549507923754 70.49860135129788 70.54028062792868 70.6237385940237 70.70422589768137 70.7223005833226 70.78362671995195 70.6388277507606 70.725020315576 71.62252204950092 72.39518264871484 72.74464632468853 73.1434581116291 74.0481638078292 74.56038683044355 74.77066548808372 75.00942175245291 75.2002862718782 75.34611119774387 75.45031699589167 75.70569359865063 75.68507378778746 75.63472557880256
-9999.0 -9999.0 -9999.0 71.10927770602096 71.14849677747911 71.13837190155967 71.18047318761573 71.27118554185827 71.30607675944451 71.35604709508515 71.39404484327328 71.271720069703 70.94236026348526 70.73456766022142 70.70500582368835 70.63772818781325 70.55133843416957 70.4805167502258 70.415669995053 70.36392238294661 70.35847413751642 70.40938063474105 70.46380798233663 70.56548460871602 70.66912854580387 70.76593102384702 70.8074618913607 70.87274282165632 70.96432197572521 71.41089988762381 71.96247443914449 72.25853700719115 72.6304809391761 73.06535616031837 73.537349587788 74.53093086134716 74.79083149426636 75.06071902627298 75.27513583239617 75.43932128150814 75.55894810764333 75.78581773036169 75.7838563214473 75.75373617151487
-9999.0 -9999.0 -9999.0 71.22073057827613 71.10453905670747 71.16314222972957 71.18452483771331 71.20320367908396 71.21898788456669 71.22662115948515 71.1997199606186 71.0930168028111 70.92121012622599 70.79016720601506 70.73875084657404 70.69843071409565 70.63921498846567 70.54169495821168 70.39152503629283 70.25123218222151 70.23712469563463 70.34112845435605 70.44859560066591 70.58954052302082 70.72134952801511 70.8385546366836 70.90449024450693 71.01326309803518 71.23926929224741 71.67319944764664 71.87164823999086 72.11281785560979 72.50653132117651 72.97731737379823 73.49338113940169 74.49698991521979 74.80537016183764 75.10550723279863 75.34233897452306 75.52377570072683 75.65785715242946 75.75050003141207 75.87287980084973 75.87025207159354
-9999.0 -9999.0 -9999.0 71.41352588722094 71.41624262858502 71.23818109483602 71.24181308419168 71.14838723192263 71.14981545012122 71.1377639511165 71.09997731654809 71.02721366278135 70.93435133803314 70.86251924473359 70.82107964559063 70.79712482515247 70.74923226509316 70.62912640571118 70.34989762991187 70.08161081784633 70.06593206136112 70.24360512305628 70.44935606598294 70.62986016002935 70.7864704965559 70.89571788696941 71.00774669489317 71.16083678278567 71.29655317111875 71.5273865337864 71.72271019626817 71.97183434095518 72.38493548130538 72.88796424449174 73.443361744485 74.45940043920892 74.81097798592128 75.13763104885795 75.39355523903933 75.5891204056962 75.7341435204594 75.83515707121697 75.89787095127676 75.96242948430493
-9999.0 -9999.0 -9999.0 71.38237830245797 71.51194904644615 71.39485024512194 71.20526282340295 71.19906151221332 71.18534491196587 71.16100091708739 71.12287496778937 71.07236393694379 71.02085019512724 70.99138685631411 70.98681116071822 71.00087707856342 70.98343788363896 70.8352771691354 70.47980015885257 70.10514411209499 70.08681329816764 70.29846559153277 70.52136145607906 70.70578774049531 70.83678559538032 71.0174835894182 71.16552672466744 71.19689731615655 71.26053608299488 71.40237439096124 71.5975715116453 71.90153353806721 72.28364139788714 72.81020533414204 73.39409350235923 74.42019884642134 74.88374843152609 75.15114024909919 75.42069461142043 75.62559103181547 75.77651682528115 75.87797005269222 75.9234202097559 76.01113793060297
-9999.0 -9999.0 -9999.0 71.78111270449052 71.50579834284385 71.37616220720207 71.3674113363932 71.35447211944397 71.16266570685072 71.14569812748127 71.12441481116127 71.10394467005653 71.09510551871224 71.11586001083425 71.1728671744747 71.26749148365002 71.35565517489478 71.30387136032883 71.01338040738278 70.60759443650151 70.46773421780675 70.55478320719496 70.68912434942007 70.81847499613968 71.03853409066457 71.13638641507596 71.19350471845429 71.21677188851514 71.22867647217248 71.32815212376399 71.52461280116842 71.83420457308486 72.25051425730099 72.75802321577262 73.3536272861631 74.38259696134827 74.86024134521718 75.23578746628988 75.41851465862914 75.62724285972259 75.77964529498857 75.8806233188033 75.92447656627341 76.0122668532674
-9999.0 -9999.0 -9999.0 71.62089532890793 71.77367904196453 71.57843189310107 71.35794888165844 71.34875788748754 71.33785396484487 71.32681815488556 71.31928076938341 71.15547419112094 71.18578768634802 71.25554328531891 71.34573922947109 71.56871072146747 71.84211410411122 72.0428503937896 71.92258587270199 71.46007555059202 71.07838764282509 70.992945286133 70.9985858622084 71.0454609320302 71.10786937730443 71.16429887458777 71.20120802826703 71.21775560059739 71.22920884560641 71.32909081345382 71.52472198775433 71.83127867874704 72.24213521877137 72.74108056871853 73.32843729199926 74.250910992188 74.82652532192776 75.202316836076 75.38673591948685 75.59418722092559 75.7448871001822 75.8469725683915 75.9090522055968 75.97767108628975
-9999.0 -9999.0 -9999.0 71.63981360028106 71.63994976588856 71.64105247263409 71.40842326174483 71.41284883283602 71.41888848639796 71.22722760373091 71.25493874460747 71.30017934346677 71.37563930948558 71.48811478116573 71.67412221647236 71.94462393378888 72.28672848475424 72.58554070787653 72.56949621360019 72.17106368502282 71.6913541901238 71.37834898243008 71.23121590167067 71.17813275130231 71.17246208938874 71.20332647444299 71.21157545851528 71.21599978853223 71.26789017397856 71.40724638208314 71.59831653183966 71.8925698679549 72.28429269939667 72.76045299708221 73.64837528193195 74.22321536346189 74.72385274450811 75.1523812511565 75.4289754661962 75.62782708358716 75.67881443480275 75.77877992314788 75.83988499577119 75.92456918564264
-9999.0 -9999.0 -9999.0 72.11359584070797 71.6636955706894 71.66905689965583 71.67733162368991 71.42919391561976 71.44229525202293 71.46230690947863 71.49415822561639 71.54529828478036 71.62602551675938 71.72441756254435 71.89808330572288 72.1327385265171 72.4055795315431 72.62227339699864 72.61439519678615 72.32937508600244 71.92959874109484 71.60525070833333 71.97114087805987 71.97959816823806 72.03540950188267 71.94456110435468 71.81208069207995 71.71384622369504 71.71394225742311 71.96407888581972 72.39783333675723 72.78719735511105 72.36460862202995 73.1148328793259 73.67082176458976 74.20419486881748 74.67409689944917 75.09199644179373 75.35957444310921 75.55561899447714 75.69258710594211 75.68732670964424 75.74438815094886 75.86638412751678
-9999.0 -9999.0 -9999.0 72.69547 72.69547 72.69547 71.71066416190615 71.44631385435054 71.46508911371319 71.49216505113664 71.5319831940764 71.59062390329849 71.6756158376889 71.79471533057055 71.91944384809644 72.10936984519066 72.32293428139627 72.45107052922471 72.57408704469651 72.68414691853646 72.7236750988705 72.8146013033769 73.06475310824258 73.15995358416285 73.1641864818611 73.06246469159491 72.90118032048501 72.77096979362987 72.23925732816151 72.32945771613397 72.7125697386521 73.21041418819887 73.5455497824379 74.3573765832917 74.71456977073807 74.1938664294809 74.62500620403287 74.98465415740819 75.26754289306626 75.47288869292623 75.60959694810052 75.70259426397224 75.95844405280246 75.81058163121573
-9999.0 -9999.0 -9999.0 72.69547 72.69547 72.69547 72.69547 72.69547 72.69547 71.4394042950389 71.50424288304224 71.5857702994209 71.68672348696585 71.80812852031991 71.9467662829248 72.53878461905083 72.57798696948406 72.83450186976042 72.87062518517374 73.0694422456705 73.24254280041538 73.45606490484306 73.66510027607887 73.82205773496071 73.89226741377733 73.87023372330368 73.7880487214213 73.70459756451868 73.67441605819856 73.71857843200789 73.96596619315741 74.07395062485529 74.31925339799209 74.73335255898027 74.9785188838171 75.19695304774592 75.38368758046359 74.91079328411787 75.17764993757395 75.38290443313174 75.52145188151601 75.94540222874339 75.9452016790964 75.94147719560439
