idw.asc
NCOLS 250
NROWS 250
XLLCORNER 2.0
YLLCORNER 3.0
CELLSIZE 1.0
NODATA_VALUE -9999
[rows 76 to 94 of 250, columns 0 to 43 of 250]
-9999.0 103.09053416216216 102.95525726708073 102.8448495035461 102.78184719999999 102.79307769911506 102.90270876190478 103.12109722772276 103.43521762376237 104.50203826980028 104.98973690114657 105.45552561436827 105.87466335224774 106.23864816386151 107.32725683355721 107.32088531733386 107.4737565660404 107.57236714417466 108.41643819198194 108.26186954136772 108.07475189080967 107.8485082400384 107.45069830445948 107.1408901046996 106.04581810295555 105.50802687048326 105.31394927329883 105.15406482903478 104.86977849111723 104.5332476138372 104.08077304919689 103.64873569035962 103.34276210618955 103.00077444610334 102.94009928563851 103.4568614766403 103.71416692071116 104.10645647218652 104.40268304320738 105.16103598782384 106.12995898039776 107.29102156589295 108.57951267682704 110.22067055217465
-9999.0 103.59183910614523 103.52894709677419 103.4986234074074 103.52034689075629 103.61502953271027 103.79772525252524 104.06759157894737 105.03841816534123 105.45283858649196 105.85905802709803 106.22915597874571 106.55243088501831 107.44663722178743 107.70783520246827 107.62319651714678 108.73022753168082 108.62950249536365 108.50528307671301 108.35243769833369 108.16436299594042 107.93205098124314 107.64333427807242 107.18642083398036 106.76931264468168 106.31542242974372 105.49242448207362 105.3793965624379 105.29718160428958 105.04448709606943 104.67165448191562 104.24714153487794 103.89063417430245 104.22890621486616 103.97680933532213 104.62049640045888 104.95439109215566 105.42179805175915 106.01785977951073 106.61632204825189 107.52736409688677 108.55899048470846 110.85911663015358 111.87933815789472
-9999.0 109.28571 109.28570999999998 104.24649849624059 104.37086683760684 104.56455523809522 105.38627416921638 105.71090110996916 106.06510531649221 106.41110119209107 106.72090190411308 107.30510556811005 107.65302540023531 109.39607869825068 109.40084978585308 108.89425700942431 108.82039630001806 108.72737236687122 108.61073828791241 108.46537787803338 108.28484473949919 108.05971930649156 107.77466424367303 107.40584026423359 106.85803880304942 106.30275763217587 105.77359267087667 105.46083084990839 105.42922985726278 105.29401368267101 105.33922728464793 105.17255997580627 104.99975058123071 104.88291783494361 104.6055999201525 105.31410679161556 105.633610059973 106.0717237526391 106.62630674104813 108.58294772287658 109.42375105468855 110.3084826634042 111.19206019101364 112.45692161203151
-9999.0 109.28571 109.28571 109.28571 109.28571 109.28571000000001 109.35833619617225 109.35694483606558 109.3578054968944 109.36188534965035 109.37015244186045 109.45988543619266 109.38951155134754 109.4017580389928 109.41158904841402 109.4161923632397 108.91793798412162 108.83604211198264 108.73092712477164 108.59811199251668 108.43277858822702 108.2283369365833 107.97239941412647 107.63838911733127 107.12310071952597 106.52222767057359 105.88217161241353 105.48153468075701 105.49684344153492 105.85292621242257 106.30455240755029 106.2016122120331 106.34144758868132 106.43811584094546 106.534692694749 106.4139868409524 107.52400831987346 107.97530265865771 108.50538783296477 109.16353436825317 109.88904601346466 112.89330677694872 113.15982823737195 113.97931935828876
-9999.0 109.28571 109.28570999999998 109.28571 109.28571000000001 109.35298709302324 109.34845256756756 109.345235 109.3443660218978 109.34723584033611 109.41111389134743 109.4340252539744 109.38785889386426 109.40688041686542 109.42377949162648 109.4346256277259 109.43615910578497 108.95357632748468 108.86303899719988 108.74605912734037 108.60007644462121 108.42355700290385 108.21452146255477 107.96007316203226 107.57303719669953 107.06139525181794 106.41966165180739 106.06756599635159 105.98752682448186 106.27421493999366 106.74351580276806 107.19330201222867 107.75746528813252 108.32392105868837 108.86642059438083 109.36198229819487 109.7678782358038 111.04579396467412 111.49720588106545 111.89680525784884 112.70702069201447 112.9768419819996 113.20193465311955 114.02849940828402
-9999.0 109.28571 109.28570999999998 109.28570999999998 109.35199329694322 109.34523499999999 109.33874136363637 109.33324435251798 109.32997217948719 109.36782575998669 109.37897785562633 109.4043472666944 109.38314583718096 109.41132114373717 109.43781480623069 109.45701504402162 109.46502075189962 109.0780189155228 109.00400899426687 108.90447536009628 108.77804341002707 108.62576287404414 108.45754671131542 108.28935288223695 108.10386212534748 107.94401409485744 107.48443611103659 107.02564463246536 106.8424360350185 106.97419763421442 107.31751323214947 107.69913610462937 108.24057761239699 108.81026293707248 109.36598584101387 109.87161011344826 110.33976682744621 111.40133838274521 111.78649184914121 112.11418463190086 112.87437204843593 113.0781758922977 113.25012484896567 114.10763716129033
-9999.0 109.28571 109.28571 109.28571 109.34691176056336 109.33858416201116 109.33005412751677 109.3220057317073 109.31576717821781 109.33621067110106 109.34465592245223 109.37216580439795 109.37547391381732 109.41572627714459 109.45470217496964 109.48418468949319 109.49987715550445 109.50012037670231 109.4831323410648 109.06994125582577 108.9639483723518 108.82633178712379 108.66551697894317 108.52866320447382 108.45281726603329 108.51758814142221 108.33977221998403 108.09333599816003 107.96667518872916 108.0710818861736 108.3874728012042 108.81204477137084 109.37782283657934 109.96714135333089 110.52596456729549 110.50556707198224 111.03207604749619 111.38179655661239 111.62422414196405 112.39096218076284 113.0863560066054 114.55854808510638 114.38051914893617 114.21886068965517
-9999.0 109.51409886266094 109.4800633255814 109.44384883084575 109.43975949946095 109.4051017173296 109.37184434228654 109.34230744902322 109.31936070514612 109.31637800937119 109.31274322683706 109.34176999579743 109.36710066692721 109.42228045105237 109.47620964375547 109.51682562675956 109.53984520972453 109.54613466744264 109.53772467548833 109.51310182242992 109.16384950078988 109.04562406689878 109.00856267617323 108.74715717307726 108.61453321400482 108.59616302717058 108.61718439916922 108.59723742085887 108.61829395201215 108.77326074544612 109.08819620948967 109.53822553884405 110.09660200733215 110.68772108885733 111.24258192091048 111.7117568929511 112.06970216212375 112.53142496897351 112.2883205139531 112.3650180579554 114.90126446043166 114.71844444444444 114.53250311111111 114.35949294964028
-9999.0 109.53588403381642 109.49924113756613 109.45918042857143 109.44761712847426 109.40807501392756 109.369568683618 109.33481165995806 109.30706466267426 109.29271403951431 109.2937323458914 109.32973430642936 109.40240117895536 109.43482129379836 109.50372020983518 109.55398063407111 109.58156400228442 109.59083952014487 109.59104069240453 109.59132822977391 109.7477286489468 109.67163597012441 109.26679647129569 108.96491863050211 108.64868641286257 108.62786426594444 108.75955937776628 108.911119787338 109.09230145139726 109.35695603659991 109.73756422568187 110.23108976414869 110.86382692724051 111.48165250056273 112.04392214930117 112.49251330774723 112.80124232293947 113.21623579471606 114.79616666555961 114.62052606719368 115.84183999999999 115.84184 115.77410654646859 115.61601824865092
-9999.0 109.66016253043392 109.61576747638983 109.56361672151723 109.52148583527331 109.46553352832849 109.40917019626713 109.3398800238522 109.30919853449646 109.29324490437486 109.29436782587733 109.33345342668966 109.41256349833388 109.51011359726371 109.53454563404983 109.58990239381234 109.61763939746521 109.62457388636365 109.62950558266722 109.79898075926486 109.84742625443309 109.85903084094764 109.76233980049315 109.50318818664016 109.12904273927643 108.91668339182888 109.03910068778106 109.25807074224714 109.54196874936946 109.90500027813594 110.36657055263886 110.9286844299619 111.6598815940604 112.32264212952768 112.90140070424462 114.4800598021971 114.6406082514117 115.04257090129495 115.03971217534789 115.81153794797176 116.93662005181348 117.19293512820514 117.46407258706468 117.73334781990522
-9999.0 109.69724606851145 109.6547307951949 109.60309971839513 109.55508075226773 109.49726249970726 109.43858539073815 109.38497424444391 109.34328043276663 109.33039055980558 109.32834528099569 109.3692354132911 109.44565073715455 109.53600974778544 109.56801764831513 109.61340018244935 109.63804126903368 109.65675658852464 109.72130509119391 109.82913965609855 109.92115344295127 109.97756000320497 109.96619535791393 109.85655730036501 109.66166587109743 109.62544148834765 109.8281494131862 110.23310887107736 110.77628427504976 111.40535956216469 112.08338970529817 112.77899802220172 113.65755727287166 114.23459660145465 114.66358825214185 114.92686141082393 115.0414493622317 115.69938044310915 115.79291994631582 115.91711874096396 116.88205932515338 117.18563848484847 117.50459994152048 117.8162673480663
109.76977714902789 109.74039686209251 109.70219920219657 109.65407740099516 109.70738571254547 109.63641981461458 109.5662200478716 109.49788269950288 109.44250892268711 109.41161017861124 109.43477449647081 109.46274339992307 109.52794561422866 109.59429625715964 109.61760033219257 109.63979600428878 109.63882460689216 109.65928227694616 109.73506788272141 109.85898079251257 109.95205773039638 109.99052000150245 109.9886147087334 110.00709144078846 110.02109722146348 110.1357662848992 110.3880447387053 110.79286031283193 111.31316505082108 111.90963636244315 112.55779632805368 113.2391110588512 114.11296613471475 114.68537028966969 115.10091093458581 115.33182954748911 115.59258036255109 115.79479148749785 116.27287025824894 116.49415870967175 116.7732141530707 117.21179791366906 117.58687 117.94550935483872
110.00000000000001 109.89386084004458 109.86568644878474 109.82782242053692 109.77846282017252 109.71760768495241 109.64815101025202 109.5874968546982 109.53758223765924 109.50798289454359 109.50400636202032 109.55723813782878 109.58376446194703 109.62613915031312 109.65417624207583 109.66408083296827 109.74101667693756 109.7229556452548 109.79976165571027 109.90908914192129 109.98557454048081 110.01261992620198 110.02790120431314 110.19694931698126 110.37139174928105 110.62958046179513 110.98233671876586 111.42118891306158 111.9193149087112 112.45685996369767 113.03485522882703 113.66018630818324 114.49105030857955 115.04115502857519 115.55860941932596 115.7168621246411 115.75357929188542 116.01777516173784 116.19238902094446 116.45526217643905 116.7905043599137 117.16882943654085 117.729327398374 118.13657947368421
110.08059711213033 110.08399997714862 109.92278485986509 109.8980032080014 109.86414203530383 109.82020735042644 109.75440535698635 109.6863047294302 109.64139666957554 109.61072510888688 109.5980926633473 109.63553482778862 109.63891848227503 109.66148276949582 109.67747042429832 109.8804248447354 109.87527206163178 109.9124517721977 110.00028303697863 109.9994291605769 110.077338569713 110.13158969487912 110.22316508121905 110.53691566331692 110.8301660852313 111.21934019212716 111.66968789737582 112.13803000526397 112.59120102765473 113.0293050010798 113.48694085074754 114.00446867550315 114.74915452331751 115.25206074920384 115.69729322084679 115.8450266760422 115.84933690982433 115.95614528688886 116.15794846112621 116.68481392465756 117.14727624561579 117.62336141642007 118.25374191212101 118.6668890933578
110.07298687313796 110.07595682831712 110.07397457398402 110.08069971797136 109.93099387560657 109.90438346155574 109.87079941109447 109.83284732297221 109.77513518328104 109.7446996032077 109.71017207847869 109.69904773409063 109.67625610494193 109.70289026652907 109.70940901114305 110.0094165632541 110.03090872469504 110.08928203946408 110.19022656060078 110.31153125881524 110.5197581295395 110.67059708737865 110.56237279884812 110.81420682196067 111.45501859938496 111.96349504000355 112.49495219914961 112.9672287013146 113.33699907789308 113.62793559310434 114.1419216518017 114.4757408390411 115.45387800678694 115.80212616463984 115.8466741106784 115.86234945243267 115.87814638604888 116.03535605500105 116.35496122213559 116.80698550409174 117.33270974962603 117.86519420911733 118.54594627180168 119.53220947698088
110.05938547900696 110.06140591464384 110.06554127943866 110.0728481337693 110.08388824699762 110.09813669882212 110.11406370930455 109.91878422136745 109.89277429976892 109.83347402321623 109.80861848399047 109.77665362222798 109.76004153405087 109.74603588892637 109.76208131631682 110.14997507301791 110.1953684537046 110.3988731779863 110.50645704215032 110.65893437340152 110.85291647124203 111.10295092003129 111.4558859478132 111.96134125937033 112.6219033906499 113.56276487623762 114.17306813396847 114.59664264462374 114.82667682492693 115.21551946110976 115.27085286956522 115.34972302363029 115.73608511497667 115.82572106972084 116.10071458224478 116.06953873705386 116.09330185129552 116.31211888179553 116.71544005634186 117.24162018924287 117.81058768053886 118.35285235419447 119.24342045501801 119.84982267490348
110.05107387907462 110.05165724320692 110.05457798717418 110.06212971904704 110.07580096032859 110.09474131496096 110.11609131647289 110.13656759870604 110.15379866305824 110.16675696597996 110.17550091452989 110.02909033793476 109.9934704411635 109.9520711744023 109.90433425200006 110.5521343552451 110.51946510402274 110.60397509950923 110.7757333730357 110.9605263674859 111.24606539649845 111.5932709769143 112.06588549765328 112.69129908538069 113.44251828539875 114.32152057551458 114.89048330371051 115.44740234045376 115.53556128495495 115.51527076131205 115.46335523613963 115.44288559807198 116.43170517416506 116.56880793676426 116.47535276141255 116.42009627214797 116.48783270549964 116.72879376603859 117.13700627354892 117.65836152228727 118.56251262010423 119.12267215287142 119.59438550398265 120.14901221147544
110.0421432560533 110.04033299251624 110.04037322978375 110.04734094777915 110.06493895406545 110.09142228488194 110.1210685884111 110.14809630463333 110.1690960058269 110.18326099777765 110.19144316786021 110.19511379242938 110.21908279242601 110.21861666171823 109.96659482397129 110.71754735089408 110.84037894891102 111.11818907986918 111.54241971032464 111.27485020173063 111.58097886871944 112.08249141736313 112.63892947754354 113.33254490638248 114.61904761904762 115.19047619047619 115.59701492537313 115.80116333652924 115.8280741725074 115.98793694915254 116.1379417762842 116.39266757424856 116.74029361516466 116.80470608603318 116.82248726626447 116.86126777522666 116.99174396955995 117.256946834543 117.655241379733 118.14652323509719 119.00675718835954 119.5168937419587 119.94933623463292 120.4352620799292
110.03346040690747 110.02858002425505 110.02293404675275 110.02781712135332 110.05190391719562 110.13904590215316 110.19819104038447 110.24916457085023 110.28866534144221 110.31815388997568 110.34051240913621 110.35822280282623 110.37288830763057 110.4256773297198 110.43902002121821 111.57574417188913 112.87291091690902 113.7608749565323 114.84150905958941 115.09797140931187 115.31867884298465 116.19494024390245 116.64627250755468 116.4829188490432 116.32000625658145 116.17580729689641 116.05909891304348 116.01167475460123 116.01016336842711 116.10202523968248 116.2398847275317 116.56900161131847 116.86802978089082 117.04414311911485 117.17603652473522 117.3136762879459 117.50996381277427 117.79730950807584 118.17676425767952 118.93598856979085 119.41375927408063 119.86857728324922 120.26347186916324 120.8020318148874
