laplace.asc
NCOLS 250
NROWS 250
XLLCORNER 2.0
YLLCORNER 3.0
CELLSIZE 1.0
NODATA_VALUE -9999
[rows 57 to 75 of 250, columns 132 to 175 of 250]
100.46380490961259 99.58156130817939 98.70024206729138 97.82054665742544 96.94214004837372 95.94612124999999 94.87751444328863 93.81407126095765 92.74925765965614 91.68645505585256 90.62929928899862 89.57397769531336 88.52000646654473 87.46689216686319 86.41371808437863 85.35008500894205 84.29432836257173 83.2394745534469 82.18091751794044 81.11087647520273 80.07814928571428 79.06547642857142 78.05280357142857 77.04013071428572 76.04534280605759 75.11360732288281 74.28805211568279 73.4217059409544 72.53091452021773 71.64335160246718 70.75445058182028 69.78628372730441 68.7984634198534 67.81117035057224 66.81981454872881 65.8241477630425 64.82437087107056 63.82090074362271 62.81426967508813 61.805083608845386 60.794011342654684 59.76902994265109 58.73357321678322 57.70489090346284
100.48252274903179 99.5884383834071 98.68309550125154 97.75895624085153 96.8165842382674 95.89600844013691 94.80452026840912 93.72217316247476 92.65766063489455 91.59572200607123 90.53950808741408 89.48227348163965 88.42348930764659 87.36253981721883 86.29861450194707 85.23485555935386 84.18358710486096 83.13325665035504 82.09115724059258 81.09461472814968 80.12153692575063 79.13992028173081 78.14546414196138 77.13532437118934 76.11443599588837 75.19679802016393 74.33030028291623 73.47978388623571 72.6120481966126 71.72830055554769 70.8297206295125 69.87025908136093 68.89349250142008 67.91398619657792 66.9291663275841 65.93929913348235 64.9448141944537 63.94621653430133 62.94404649322459 61.938862063293996 60.931232757927354 59.921525536916356 58.89045469544046 57.997951639358135
100.4591181952992 99.52887439556565 98.58148989101416 97.6287245201338 96.68998695256221 95.74402811060129 94.70349487211189 93.62082858625232 92.550270248033 91.48241399806855 90.42223457795548 89.36518218369643 88.30734761234567 87.24736513164893 86.18262963966626 85.12528108709142 84.08075052257828 83.10317521878373 82.12867218941179 81.18015578034476 80.22332282963622 79.25573502695072 78.27707042449708 77.29018448087095 76.30612464724483 75.40226137408516 74.516865105541 73.61786462504509 72.72414680895798 71.83268504691402 70.92749552927192 69.9791638893648 69.0031532686019 68.02783995739979 67.04796838659361 66.06238556306928 65.0716933421194 64.07645809349464 63.07721138772626 62.07444830443888 61.06862201103123 60.06013135278536 59.063723165859905 58.26143701436143
100.40344328681259 99.4486227708485 98.48927023007546 97.52914867573793 96.57380812346307 95.59857832020558 94.58982442882437 93.51269559186188 92.43885222504963 91.36797491730762 90.30323101339543 89.24617513196092 88.18807011363636 87.13165580645162 86.07825934108527 85.03345567734394 84.09414427499073 83.14670770326661 82.21377836252555 81.27980149748407 80.34062736487486 79.39359886694255 78.42672347137261 77.4481003394986 76.49953023564154 75.58310623896364 74.68682035918783 73.77967245564858 72.86414948641375 71.949070196205 71.03745470007553 70.10199646747293 69.12992916103944 68.15239784133423 67.17466601254824 66.19218367899296 65.20409228484101 64.21100073417075 63.21341822917633 62.211763144708875 61.20635514673247 60.19738820333339 59.25951370128384 58.47442071226589
100.34336823367359 99.3793452104031 98.41052435072804 97.44105876786388 96.46105767849235 95.47296072431425 94.47690333076928 93.39880328871767 92.32367367349178 91.2513692822104 90.18279122497367 89.12170333333333 88.06891416666667 87.01612499999999 86.01687246959122 85.01969065553223 84.096396318268 83.17971042077252 82.26449945520366 81.34685467354245 80.42376711024171 79.49373984148491 78.5551215238272 77.60578092432728 76.6736006075126 75.7534644581968 74.84801781976613 73.933934860156 73.01256299551665 72.08464166416513 71.1580815758434 70.22925332723406 69.26537012453939 68.28766635977733 67.30831679046503 66.32781716223407 65.34133267026463 64.3493486279717 63.35233864176212 62.35062772656826 61.3443784127206 60.33354533892128 59.40962100294525 58.636060163506144
100.29728428030738 99.31890236403356 98.33822378441046 97.35171352214579 96.35917806912431 95.36048752845745 94.35777472336788 93.28206966601999 92.20560752626896 91.1319547310851 90.06136145408628 88.99822364423854 87.94279666666667 87.00995710824327 86.0557949314695 85.06689532401798 84.12608714144397 83.22775320573074 82.32822430168189 81.42492244725054 80.51510821474746 79.59757896377008 78.67184042055334 77.73696445821615 76.81992509066697 75.92986488290416 75.00863691750581 74.08639365554751 73.1601440236452 72.22791380316355 71.28986430859163 70.35441944622787 69.40791222524305 68.43227186207805 67.45085602884166 66.46900917312178 65.48290353580714 64.49109712421195 63.49365534284288 62.49078708896856 61.482814254846055 60.46912703222475 59.50201675440865 58.74515041639777
100.25647719903247 99.26167311919978 98.2687536025195 97.26971441694594 96.26500844708065 95.25636552179984 94.24332278970027 93.16278532793116 92.0849357862925 91.00995872046087 89.93832983564612 88.87290432922427 87.95471645759798 87.04794673992595 86.08990724127355 85.12524872140993 84.17231720513429 83.28951639300853 82.40361310174059 81.51291480875692 80.61352769903932 79.70662770403194 78.7916931578015 77.86807078653865 76.95430151189183 76.0784218069366 75.17785113626049 74.24204471166786 73.30950863959325 72.37370328335226 71.43243364325672 70.4883682414884 69.54098215633537 68.58219876594374 67.60157616176522 66.6157260460406 65.62967707625124 64.6370080835625 63.638123325924624 62.63306950366715 61.62149177630574 60.60250735489509 59.57199103634085 58.86524236226652
100.21930695359768 99.21072662232031 98.20502518723022 97.19331363590473 96.17669367403101 95.15770432212022 94.12302233198045 93.0410643935224 91.96175508734612 90.88545391015715 89.81292010710078 88.86748922139263 87.96591595917947 87.06297353894345 86.12693797609457 85.18472043389517 84.2378725762787 83.36342515079554 82.48940184190866 81.60930448583211 80.71903275668124 79.82135265405354 78.91569012834869 78.00414739530007 77.09853910348639 76.22623652228845 75.32686860164631 74.40994941169491 73.46208295679656 72.52329502410406 71.57938948876878 70.63029465897888 69.67953777913766 68.72054507206718 67.7536099008848 66.77246578476748 65.78288781564014 64.78589495622516 63.84199574791689 62.97178630252884 62.09312556402198 61.14004938876943 60.087637035237485 59.58014107812316
100.18568993925062 99.16940965265528 98.15230420498156 97.1298673345992 96.1017046326918 95.06983672572882 94.00250838659007 92.9169571836671 91.83609049831452 90.75845367370032 89.75213399925327 88.85612846019716 87.97314250268396 87.08140186465964 86.16705044062574 85.24576060974098 84.32005378914502 83.4569786008938 82.58865124745031 81.71460513069279 80.83208223898528 79.94502117775762 79.05326107250463 78.1564290780743 77.25395005969428 76.37233974157994 75.47786276903888 74.56833013714228 73.62717681597651 72.67743713524396 71.73139831053031 70.7803450352178 69.82592231560893 68.8646710393382 67.89608516120093 66.9204273572739 65.93653589307281 65.13625369045486 64.36379713668005 63.558557022252984 62.71341556781854 61.82011773608999 60.8671852331238 60.63269716123106
100.15708684706168 99.13393047012295 98.10533986870374 97.07163755497923 96.03166839844302 94.98632827162534 93.89248120277365 92.79547500704494 91.70793634429701 90.62894799808295 89.72791653052519 88.83888473340363 87.97849283995215 87.10380913065009 86.21056163552021 85.30907624626634 84.41331731118244 83.56231585523031 82.70516257568744 81.8412195018038 80.96709181135722 80.08761294403429 79.20270143906158 78.31206713103482 77.4152255456842 76.51861645712093 75.63475168894027 74.72559559694747 73.79912110712458 72.83658180109553 71.88888537405646 70.9364422921958 69.97976874071313 69.01686408702113 68.0472681778759 67.07123409796444 66.32734738884898 65.62027295496006 64.88934312008287 64.12893770953714 63.33379296867281 62.49728344387888 61.91898345168358 61.67764710065038
100.13736167826632 99.10296104951776 98.06283559644798 97.01795250824037 95.96602553332107 94.87967067008145 93.7832498004823 92.68247814696613 91.5772766314358 90.53366792530046 89.68787686900605 88.81617778885884 87.9842678506292 87.1307979905013 86.25798729579391 85.37537421850551 84.51645819621449 83.67594718271121 82.82863370240896 81.97460001496245 81.10810713941878 80.23560377793372 79.3570438543916 78.47217347997508 77.58054534354977 76.68151914695184 75.78960282099412 74.88943058067693 73.96777290806033 73.00466031580022 72.0521497808836 71.09883135379577 70.14095650051424 69.17718369334898 68.20742763928601 67.41896794451073 66.7588768242701 66.09261334300561 65.40339090454734 64.68676788016272 63.93966581126405 63.252384571344756 62.95573446857781 62.70082396594749
100.12446838696535 99.07538427516332 98.02389503952223 96.96812611915806 95.87606903473582 94.77479525454204 93.67488089191406 92.56915241218037 91.45651010426552 90.47124188721611 89.62880835474644 88.79073217088012 87.99287432166246 87.16316401130815 86.31002533146741 85.45131353741291 84.62847460540901 83.79728424024239 82.95881527995105 82.1136272150203 81.25566809400812 80.3897214398042 79.51717470288558 78.63777253659293 77.75105885514589 76.85637517055576 75.95284940714673 75.05465012983097 74.14051977905012 73.18118697235785 72.22143956653206 71.26787083667082 70.30971168962736 69.34615401464076 68.3997911873548 67.78439385976237 67.17864787139571 66.55548483870795 65.90870914621802 65.2361084880361 64.5817785929784 64.27233738725869 63.977324592137386 63.70530107728588
100.11990450953857 99.06002338913133 97.98071471460804 96.88395208260619 95.7836901671856 94.67819552069102 93.56750377074188 92.45504734679194 91.33302432014125 90.38458930307287 89.55379170721886 88.78389744914976 88.00694574795206 87.20196003505295 86.36755837905288 85.56267270543205 84.74853703946975 83.92583532181543 83.09551028380395 82.25804248020235 81.4102854463292 80.55066495404496 79.6839567915362 78.80986971535967 77.9278938381557 77.0372895050533 76.13706026654448 75.22590676665807 74.30972070410355 73.36153325193844 72.39702032187603 71.44406481300177 70.48681365174626 69.5250892818125 68.72297449405761 68.1460761948051 67.59110358617758 67.01380162168387 66.41566025172041 65.90728140768064 65.58592860480151 65.27770804748728 64.9837221681338 64.7052365283982
100.08455337472202 99.00081565109333 97.90921068832603 96.80978332893514 95.70281574259744 94.5910224551548 93.4723817262958 92.34056285710197 91.20382231145479 90.24383099174932 89.52869306543154 88.79882906547829 88.0341565952814 87.261711260666 86.47793996275911 85.68198332062238 84.87593930922021 84.06119196215099 83.23858409110049 82.4085197901576 81.57101937853272 80.7191579822574 79.85828737871262 78.98951111476138 78.1122139755124 77.22549856716205 76.32812167797454 75.41836982430034 74.49379710878239 73.53067195574995 72.57073826523332 71.62830551071886 70.67397420157293 69.71677868503811 68.98322482774351 68.5086038782333 68.01603484405967 67.5732667692021 67.2294194468366 66.89671453251644 66.57604237738798 66.26840289404261 65.97491563489307 65.69683586414396
100.02875709362242 98.94085296582787 97.84505774743862 96.74247413760916 95.63271895663117 94.51523064105331 93.39171528617523 92.25461254152853 91.13692113989839 90.32304605830231 89.6306964091701 88.90253188613023 88.15460572931507 87.39271118836588 86.60560312893796 85.80831053228017 85.01004321269106 84.20300103580935 83.38795844256111 82.56525021155035 81.73481656901433 80.89599918900619 80.04115606642115 79.17784245866189 78.30526806350639 77.42226795944238 76.52716735064432 75.61749214177037 74.68925244751468 73.71197957272847 72.74857673644875 71.80141304347826 70.9042852723352 70.10909071396493 69.67779696696036 69.30346953531996 68.93158415598863 68.5623595302844 68.20540466112233 67.87269974680218 67.55202759167369 67.24438810832832 66.9509008491788 66.67282107842968
100.00000160764732 98.89018624628564 97.79181433254605 96.6867490109042 95.57506624955322 94.45704592696201 93.33334507388062 92.26179516273032 91.28349701684837 90.49116944530803 89.78540739328146 89.04628786779641 88.29169791593199 87.52602325486495 86.74913298153878 85.95080811388462 85.15021450949546 84.3509259147271 83.54359583482113 82.72850414705472 81.90551037278183 81.07405517840083 80.23312096510871 79.37616964895994 78.50841476033902 77.62882763723671 76.73497261715141 75.82296990299866 74.88571380349467 73.88162774108937 72.93211921672105 72.24475935437462 71.5308950014095 71.08953734110499 70.67596446166614 70.29474172765289 69.92807023981854 69.57194452146561 69.21540339893633 68.84960918784432 68.51388424765868 68.20566369034442 67.91167781099095 67.63319217125535
100.00000121019795 98.8888898576983 97.7777783806488 96.66666687440757 95.55555531277638 94.44444368739363 93.33333234042556 92.36917729681724 91.48889000000001 90.65576214179542 89.93839149711168 89.18984793229438 88.42991839281989 87.66165452985622 86.88645496176491 86.10022458741638 85.30064075134874 84.50459164164539 83.70547305953974 82.89863685144186 82.08387162479875 81.26050069458203 80.42732703631522 79.58251731048443 78.72304390758737 77.8459836172631 76.95088070999287 76.03095574058588 75.06990655399979 74.08579881922721 73.43980892537455 72.9237862278511 72.46891978682886 72.03885139191104 71.62892961132798 71.24254188789973 70.87773053576188 70.5246223233415 70.18201233111826 69.84756512177299 69.48834045577112 69.15226345868727 68.85725066356595 68.59967152950733
100.00000096027233 98.8888894389351 97.77785216380462 96.66709788280505 95.55575683015012 94.44444206579733 93.3993839294318 92.5313118181818 91.69494954545455 90.85858727272726 90.08551148233487 89.3347577626633 88.56978690978082 87.79954307116981 87.02458868445844 86.2450309531227 85.4575403782305 84.66350036224526 83.87353519440263 83.0760899290055 82.27091133306956 81.45721954694916 80.63363515455514 79.79802149321438 78.94720630098672 78.07650679187427 77.17890204444186 76.24348280527433 75.34382991126091 74.74436819571704 74.25528137499005 73.7970920056517 73.36357263877986 72.9518136286876 72.55641917160408 72.17151407310281 71.80734799543927 71.45920534031342 71.12180641987916 70.7929897894439 70.46830239453298 70.10480615436279 69.78763096857782 69.57192045291941
100.00000122281513 98.89079591283803 97.78078717880031 96.67015375808766 95.55888780620378 94.50949531247679 93.57486447647608 92.72961852934652 91.89829273651983 91.06484484564781 90.23924207651024 89.48461769844285 88.71115992774541 87.93889134617018 87.1647138783995 86.38809851039879 85.60851954928347 84.82631110060153 84.04760700917156 83.2613775324722 82.46797101410569 81.66655788162076 80.85561588217877 80.0327141736035 79.19410616750478 78.33396226064019 77.50715762371418 76.72028862017689 76.03220285504563 75.55002514460774 75.09205902493814 74.65659383595928 74.24060089155206 73.84137973629811 73.45655346436871 73.08854609380333 72.72069980838744 72.37858971562197 72.0471474303729 71.72443938849825 71.40676577047228 71.08393715541489 70.70285038025501 70.52449700939236
