laplace.asc
NCOLS 250
NROWS 250
XLLCORNER 2.0
YLLCORNER 3.0
CELLSIZE 1.0
NODATA_VALUE -9999
[rows 0 to 18 of 250, columns 132 to 175 of 250]
69.95630954185008 69.85105134032915 69.74665220629652 69.64295836818945 69.53982356431099 69.43710411525275 69.33465485159068 69.23232699890245 69.12947316940462 69.02609424045131 68.73301075847885 68.40881572570896 68.09905436918758 67.90170169297845 67.79395720016714 67.47717081252192 67.17852892894193 66.87062523940655 66.55942811432026 66.2461586622732 65.612859034026 64.97856113262105 64.34296707590255 63.7055959814406 63.062340312500005 62.38651298076924 61.7220343049199 61.061543001664916 60.50406906323809 60.037516249024094 59.55975972129101 59.079103515903626 58.599297919296085 58.12020731482647 57.641586919944736 57.163201195633285 56.68521110247713 56.207590842216305 55.730216497249735 55.252936657849105 54.7761962604194 54.300472517276496 53.82448264512807 53.348445322616854
74.5661757179062 74.25833195078549 73.9632377941326 73.68517517935037 73.43111957642694 73.21308130166287 73.00225589308359 72.68928680051702 72.37612993815793 72.06242749311757 71.74763906515696 71.4005587650825 71.03034818381055 70.6472082866523 69.95998136036843 69.32617078125 68.69365859375 68.06114640625 67.4263577907404 66.79413255352675 66.1634114603933 65.52870629865436 64.8910109933974 64.25144299430198 63.60752827554179 62.947898093849105 62.281787987417474 61.59313296582032 60.88532400108183 60.21841167595896 59.65285686356578 58.98035615427567 58.305544802010424 57.63361308868177 56.96456388000086 56.29637535859093 55.62716169678894 54.961195543946616 54.30539556604144 53.79390784265089 53.28331595010797 52.77096703605159 52.25706121825855 51.743017506262376
76.60474498924374 76.24583966222475 75.8659892489189 75.4866986964663 75.10756512734251 74.7281616654735 74.34664919580382 73.96329292959349 73.57750064658741 73.18812802972772 72.7934347386391 72.39048632841049 71.9459492094295 71.24272051835703 70.54075267077482 69.87604890624999 69.24353671875001 68.60804082060612 67.99211678587284 67.36056798647063 66.72362359511851 66.08423680598523 65.44341620500747 64.79820837328447 64.14451836671984 63.48738940173407 62.82734225963697 62.16499379802762 61.495029364636984 60.794777294568256 60.133559270202014 59.47461144268738 58.808058792048854 58.15176212624045 57.47924887692835 56.806001998262595 56.12302905132195 55.44555446582896 54.77233746680478 54.10244984030045 53.43508842628957 52.758402250673925 52.08429246109562 51.41041910719512
77.90822846015297 77.49479380842682 77.08680591409615 76.6820414352831 76.27657161580467 75.86893940556183 75.459316520463 75.04760852464403 74.63232436159437 74.21146052961772 73.78211103232208 73.24971522836539 72.54617168818066 71.84012216782259 71.13396248625796 70.43945877666033 69.79727360578887 69.19463258520119 68.56422115426832 67.92654088828156 67.28636888488371 66.64420903019297 65.99970584297883 65.34781690395056 64.6930073683093 64.03600422939546 63.377539329489224 62.71979994556413 62.06303828420818 61.42052360618274 60.76520511620455 60.15263789285715 59.47871719008593 58.72982221774441 58.0251614121339 57.32564341899903 56.62351491948396 55.929597824604095 55.2446518846259 54.5656080908219 53.88451785898044 53.19362257738257 52.50107247970494 51.810099552633325
79.14726808949035 78.70765578928543 78.27452700836669 77.84506960457891 77.41707806245883 76.98774239280897 76.55284934784729 76.11210863064335 75.66645864727187 75.21303615799785 74.55789975269275 73.8543858403315 73.14805561306999 72.43873439278667 71.72732669966452 71.02919861111111 70.38731936757732 69.76792297134706 69.13500889406212 68.49498860607603 67.85170674875566 67.20697791851771 66.55739645562856 65.90342367555802 65.2475292402074 64.59040245201214 63.932845610827876 63.2758780707324 62.6213271077622 61.98824326992055 61.36820902224382 60.732080040393015 60.17502982142857 59.517351770585904 58.68017188743855 57.90136909190232 57.16200879700312 56.43040857145967 55.71936581149369 55.02099451927922 54.31706661793984 53.60155335897851 52.88046249033617 52.16605783388777
80.38200948845777 79.91710965019355 79.45878151073073 79.00391704106784 78.54997633222766 78.09407850157011 77.63460006686753 77.16799778250194 76.5708467029922 75.87006160744455 75.16685345942116 74.46074565949621 73.75122150925918 73.03794488746539 72.32202177063333 71.64244184896022 70.98875508912951 70.35142537330168 69.71040892965023 69.06646189481935 68.42014668585924 67.7719368746897 67.11821662435362 66.46207347254348 65.80467432972726 65.14666841576435 64.4888822571896 63.83245551114298 63.17909450511898 62.54050192885874 61.921725965216 61.30946796717761 60.73083753571428 60.148623898148145 59.41304558333333 58.52587599546347 57.7118338940945 56.94065942780901 56.193497722093134 55.469449445377705 54.741651780487004 53.994027266117456 53.24670663774459 52.50866746305739
81.64464269818164 81.15118418745664 80.66413738914653 80.180254959293 79.696729111595 79.21088648960975 78.5748088464834 77.88239650469441 77.18585758861076 76.48319353696179 75.77766684303099 75.06863492304787 74.35533047183948 73.63708795393953 72.9154306330541 72.24184817358038 71.58472160362054 70.93809681316051 70.29016151911358 69.6407403636675 68.9898810616766 68.33774902674081 67.68099137040899 67.02253283359751 66.3632569886553 65.70376519460665 65.04486709688928 64.38772379302193 63.734130390653455 63.08809982822113 62.46165344609133 61.8585781731452 61.24631233163265 60.522422000282965 59.74972863872285 58.960761860094344 58.15924133547991 57.39303694012985 56.65410166264952 55.90388132801066 55.15564415701852 54.37679184432195 53.603207436010365 52.841385152547446
82.98119061650968 82.44829787705413 81.92294398157064 81.25799972725882 80.56688979708748 79.87608339378271 79.18531447597566 78.49400364033862 77.80151289025704 77.09843352112877 76.39035049709985 75.67795475788672 74.96006085612245 74.23536027209713 73.51400627451785 72.8358427506035 72.17645167599547 71.52278927755577 70.86920004204248 70.21502510438197 69.56001464000384 68.90413823950637 68.24502633736701 67.5840971938656 66.9226184294157 66.26113580385982 65.60041112976627 64.94155740012496 64.28630501581394 63.63842755770875 62.98898776542584 62.35319157650546 61.6923837463882 60.91815063538258 60.13514033544185 59.34684721932915 58.5453912258553 57.734680671808775 56.92338708333334 56.180896436170215 55.460003806984936 54.67321525443674 53.878450261449 53.09505146081567
83.93366726211677 83.24253089471974 82.55238981195056 81.86301269693901 81.17410675042186 80.48529606048582 79.79635791897498 79.10664742312765 78.41566132063035 77.7171036571279 77.00700183689294 76.29115858284895 75.5662819966439 74.83172490761758 74.10271822313263 73.42808584843326 72.76522483858612 72.10604731992154 71.44771512544605 70.78933071239587 70.13047623238313 69.47099741652204 68.80991786130927 68.14636080390322 67.48238559924222 66.8184754234126 66.15532116863622 65.49393962193237 64.8360900028231 64.15853685422508 63.48369540358039 62.81515183181353 62.16370344905875 61.36352471345882 60.557556700450526 59.74648358587251 58.946562123555395 58.138943185357284 57.33034880356331 56.52016125 55.73324710531394 54.90635845961838 54.08204994686217 53.281341357481736
84.53409869330338 83.84806150383706 83.1615951802471 82.47415620711071 81.78513774302911 81.09548789153557 80.40869811268296 79.72102321998162 79.03190045327081 78.33809583186662 77.6257814867196 76.90690651045901 76.17736153834402 75.42774033030467 74.69463916671904 74.03074131676459 73.36731084244418 72.70268785450563 72.03621081216306 71.36839188367277 70.70129954764907 70.03832184329616 69.37477411949008 68.70910015695691 68.04235537154487 67.37562531152844 66.70951219706754 66.04490266981784 65.36566709040002 64.67394948012999 63.98596530993338 63.29251121747706 62.619357978814215 61.8151363746586 60.99420423724276 60.170977403745695 59.34547078486928 58.502564508721775 57.66455481091404 56.83210269741579 55.99829301082863 55.17148514466263 54.34699701901022 53.502534057448145
85.13750482314249 84.4564357886738 83.77434727126878 83.09070176943638 82.4048776932069 81.71613798482385 81.02320791095154 80.33775411246546 79.6508392831228 78.96088350070595 78.24657196017569 77.5240220792315 76.78848039974353 76.0296614159681 75.3195842414552 74.64980919127215 73.97694772325882 73.30329134815949 72.62976044071385 71.95568836759553 71.28126538296368 70.6066671494638 69.93915870415852 69.27153899599887 68.6024332594599 67.93251763745855 67.26296292514446 66.59470758999558 65.89647069829759 65.19525954183179 64.48955468933124 63.78244052250241 63.08538005138362 62.26823983681961 61.43441404073332 60.59164734252777 59.709662323226254 58.848622346183056 57.98568660592803 57.12195214613415 56.23661206563895 55.368496522957265 54.48327562009918 53.644786529847366
85.74217353334863 85.06700640025915 84.39011335532349 83.71098180539434 83.02898922219087 82.34337053342709 81.65146442828436 80.95861722082515 80.27464017913726 79.58710662871954 78.87070245966906 78.14491736610036 77.40699432197775 76.65529257942238 75.94438941256908 75.26456325589366 74.58341319318947 73.9021798561445 73.22145190165318 72.54154666209287 71.86179061744257 71.18221808578461 70.50415911047813 69.83287626902295 69.16087646585511 68.48827717986964 67.81546505415814 67.14119213444107 66.43106592438363 65.71729459650554 64.99871853978875 64.28118482429304 63.56307625976197 62.72544675282395 61.87670159359333 60.99134494797255 60.086164720605815 59.19944831189428 58.30866883619061 57.41208412272728 56.486187852507506 55.58662127629511 54.65674062557736 53.77101316143372
86.34833167677012 85.6801762326377 85.00944862668223 84.33568590684443 83.65828432175206 82.97646788074954 82.28628893494687 81.59002967435615 80.90520226810104 80.22097269563022 79.50131451240709 78.7735599170381 78.03396630847813 77.2885199721826 76.5642955415701 75.87556654413925 75.18683425360432 74.49895529169592 73.81208156109578 73.12614690631017 72.44109108897244 71.75680060146655 71.0729303036892 70.39486874509491 69.71892814828868 69.0421643434304 68.364541913943 67.68618197702115 66.9699736330354 66.2471968281243 65.51878948888698 64.78817918634265 64.05060349264747 63.178561538746756 62.3169021737776 61.39584695388533 60.46759479167268 59.555002453703715 58.63515527429369 57.697167568981 56.74197497558924 55.8075280107393 54.85649451514393 53.91863948913044
86.9562786623593 86.29648472793181 85.63309753836894 84.96573744450812 84.2938483520709 83.6166721964685 82.92942174698513 82.23410090802773 81.54544076274745 80.85872193028847 80.13711846614684 79.40994444919028 78.67435966655101 77.92345512165467 77.18257942013568 76.48334937406064 75.78742537387636 75.0932668175977 74.4007985433402 73.70977593071655 73.01992561348645 72.3309915765533 71.64274967933443 70.95823736473194 70.27806561384266 69.59655874377702 68.91366476829353 68.22935787081346 67.51886049810214 66.78813902084583 66.05167983654982 65.30714070779632 64.51683163588478 63.62251355814579 62.74535003325769 61.8011603800411 60.85585616017362 59.911022804554314 58.956118874142156 57.97599197495939 56.99751237214713 56.006980391110545 55.048836541748514 54.10385055434782
87.56769249639217 86.91750369732331 86.26221652682962 85.60238175843918 84.9371420210027 84.26565298302354 83.58500656847737 82.89002664995161 82.20188795888593 81.50328666379744 80.78409947628188 80.0595235 79.31490514912281 78.56215846573875 77.80508223080305 77.08856914552906 76.38546771158273 75.68520899048525 74.98741932069278 74.29162979287823 73.59739054189264 72.90429859272578 72.21199916655193 71.52261712626114 70.83796344730739 70.15149934540362 69.46305644264586 68.77244658282399 68.07944814260375 67.34318897405844 66.6005628241485 65.85008692805334 64.98198861428573 64.06346630559877 63.1567661099727 62.208322532273606 61.21660441734406 60.21629499327719 59.215019485056104 58.22203691684176 57.229075553209846 56.2247747576973 55.227512236748574 54.28906161956522
88.18392416834631 87.54414659476714 86.89795523628963 86.24638598953621 85.59016064256856 84.92567923150149 84.25309733285937 83.56683260578764 82.87909916891284 82.15719865205482 81.43046928929387 80.70634766666666 79.96125879416648 79.19493702542667 78.42642922819712 77.69183210545857 76.9818017995882 76.27493618500414 75.57198714825242 74.87174495781571 74.17351029413405 73.47669019968791 72.7807725657963 72.05173570844545 71.32270775874798 70.60356605829888 69.89578217066314 69.2010726591344 68.5217697337044 67.86155735359137 67.17150488820492 66.39184287142858 65.44087985069484 64.47799129664774 63.50932349864906 62.502213190814494 61.48738615688409 60.4698755408257 59.45361354166943 58.440796381706434 57.43332038922963 56.42880540696773 55.44488532977557 54.517612565916444
88.79004619892542 88.17313568233592 87.54409770425173 86.90218339767652 86.25582101662287 85.60293437019091 84.93626219282315 84.24238621959313 83.53050690294468 82.79481134295084 82.06538369999998 81.3391922 80.58897788049488 79.8188597471447 79.05244139917696 78.29947399999125 77.57683203967292 76.86456435652299 76.15457687794402 75.45020065607633 74.74848634879011 74.03414065148074 73.26567702716272 72.51194191736579 71.76986902302995 71.03836414405525 70.31859285659283 69.61192013145435 68.92022342982273 68.24638841902164 67.57255459862102 66.73079783296916 65.74808271828108 64.74135193806589 63.73315903400744 62.72208441594348 61.70849586612881 60.69219164701548 59.67512701836594 58.65367168856662 57.634788540594876 56.65205862220875 55.735169506815396 54.81308600512431
89.3889439204541 88.78397006528229 88.16787987083357 87.5430284583066 86.91241400737432 86.27650389461725 85.59057274746803 84.93060028537455 84.17782259437243 83.43121935837446 82.6892550700535 81.94928853923206 81.20294633066402 80.43463267398695 79.66661861334022 78.90469879126505 78.16791092552805 77.45117201372761 76.73669214128589 76.02713963613515 75.30799902191265 74.51456148948537 73.73423244110703 72.96918108966771 72.21586822368631 71.47253877041793 70.7394966533788 70.02191253941639 69.31988581592034 68.62131829213611 67.81195731282764 66.91062211845208 65.98948075952607 64.98296750624989 63.96711968908123 62.94928813503538 61.92998590885379 60.90962667865814 59.88860219694161 58.86736446547904 57.857782839776746 56.91636239532872 55.99807631614709 55.081807098123925
90.00078282420279 89.40811937753001 88.80525529715881 88.19636875863188 87.58857463031919 86.97530951296304 86.31445963926619 85.57709496856269 84.81894136499449 84.06464493513057 83.31506566843355 82.56330639428572 81.80248927557415 81.04277826057175 80.27478615049581 79.51484219915426 78.76151648493638 78.03302263018237 77.31695221512916 76.60240674022849 75.79978065856496 74.99341769525569 74.20803265846533 73.43508312968011 72.6721066983808 71.91845675404649 71.17367404890324 70.43892420051948 69.71773197270339 68.90567325263586 68.01883379623408 67.1096519645032 66.18397266358213 65.23021394374281 64.20598267003216 63.18050225541827 62.15405047662608 61.12692497181319 60.09947866133314 59.07219427016533 58.10942051965524 57.172192578547644 56.243950201090605 55.33313228472513
