laplace.asc
NCOLS 250
NROWS 250
XLLCORNER 2.0
YLLCORNER 3.0
CELLSIZE 1.0
NODATA_VALUE -9999
[rows 228 to 246 of 250, columns 88 to 131 of 250]
96.82649251383349 97.2506554339715 97.67166393467336 98.0957197746274 98.52650928144102 98.95726222218788 99.3888480261763 99.80583298729972 100.21328658241619 100.61746798255936 101.01509453441363 101.41692851412205 101.82211119052566 102.22026327846686 102.56509509660444 102.91695775449104 103.23659242369838 103.4922953752141 103.68798981777842 103.87765330272849 104.06357576067822 104.246765865458 104.42504532916597 104.60060446133689 104.76011752166649 104.91510167013286 105.07067591703715 105.22681329176918 105.37522723500646 105.51506382424176 105.65228069714031 105.78617783311216 105.91574079708344 106.0394542377238 106.1549555885044 106.25724955143804 106.31408295367133 106.33050446140558 106.34669593175713 106.42544526517977 106.53082706872391 106.67071342765449 106.83357294403922 107.0118986279487
96.04185680492473 96.47173019952852 96.90148316857689 97.33191469460185 97.76801100090553 98.21802395833333 98.65615561960188 99.09407474862621 99.49645445007678 99.88136350816853 100.27548815166382 100.67459087413631 101.07714757281862 101.4822689480562 101.83359819584385 102.1254509473849 102.43524904793608 102.6630206438783 102.84658699733058 103.02673480542822 103.20493244058113 103.38148798616125 103.55262456125408 103.72240346284991 103.87553319492737 104.02931647591285 104.18372269949295 104.33872608455479 104.48038955589838 104.61801376708713 104.75261256044695 104.88338324453792 105.00916415407193 105.12527318168489 105.23050451490282 105.32809667665825 105.3853747478604 105.40241110343017 105.47244701159698 105.55251730286571 105.64902475544375 105.76539781866416 105.9273612413527 106.10743660176662
95.25581161423055 95.68970075560323 96.12531522705957 96.5606943256897 96.99865020950325 97.4445949426934 97.91616524180965 98.37281650378344 98.7714765168499 99.1461028510242 99.5331394767001 99.92659523978564 100.31320906664548 100.6986441826923 101.03337370620322 101.32678070526316 101.62738930372322 101.84116404317145 102.01173754749468 102.1814246208597 102.35108071822874 102.51457550119721 102.67860385871035 102.8363076580868 102.99028308798961 103.14293749543795 103.2962013630891 103.44928948801301 103.58832434636058 103.7246545639699 103.85763349479119 103.98634276445672 104.10651863751119 104.21189708919475 104.31275973130643 104.40622972812046 104.45679330439006 104.48759762181474 104.57572328502643 104.66855998856576 104.7635000312981 104.87903251668952 105.01177708371374 105.19372869577373
94.46824221707939 94.90502034685326 95.3424309842564 95.77353817162144 96.20753224524272 96.6494168303816 97.1087500038264 97.57862332670643 98.02321388701517 98.4016725 98.77757749999999 99.14067596811462 99.49456941964286 99.84171127450725 100.17720750000001 100.50111749999999 100.8113498984127 101.028629829433 101.1658543147317 101.31100535713637 101.46252274871546 101.62053161544107 101.77669158955125 101.9312125205281 102.08820227799346 102.24594592050117 102.40328715393811 102.56012856092343 102.69895252871385 102.83485827642508 102.96711339564494 103.09464993178304 103.20320200105691 103.30448302305227 103.40147243175322 103.49070689152725 103.5283015145797 103.57697787207636 103.66407733228097 103.75779386473538 103.8684955975434 103.98332603405228 104.11165588213389 104.27200461939424
93.67913357931725 94.11800845791687 94.55037451068371 94.98103359058538 95.41346245151671 95.85353723058638 96.30189258521744 96.75521166507433 97.19145038063016 97.5908225 97.96042740341733 98.31013562500002 98.64650528751729 98.97027823167903 99.28972709610606 99.60946726718004 99.91354576770011 100.10999145285138 100.27627742106343 100.41445571174091 100.55917290019195 100.70882521521344 100.86221225355217 101.01847776343675 101.1769960890962 101.33729825539915 101.49902091684514 101.66034304995975 101.80881667689115 101.94829014816936 102.08071789392251 102.20537547231852 102.30590295403735 102.40340860401709 102.49681303817833 102.58091654527401 102.59988609907226 102.65534546766249 102.74080344652639 102.83408575104731 102.95166918569467 103.07597971940936 103.2033720514721 103.3489723961701
92.88862539488025 93.3249293534386 93.75692494889532 94.18651033370018 94.61691355082061 95.05528600359 95.49545751398753 95.93650835651393 96.35738911328447 96.76915704001354 97.14166011718751 97.44360813381297 97.75535717395672 98.06848460622453 98.3800510353649 98.66706502950412 98.90808274779288 99.14526959432823 99.29102784042291 99.46767719814683 99.63928605086458 99.79138685623894 99.94681408739156 100.10483259984933 100.26489330857794 100.42657969115332 100.58956764384554 100.75359228565299 100.91040757352683 101.05887673053567 101.19801524982171 101.31852953097844 101.41546886621319 101.5093703989476 101.59932599206284 101.65263581272504 101.67154722487219 101.7245187982274 101.8073751617763 101.90147262283888 102.01527966860729 102.14194410448607 102.28093246559598 102.43906343573826
92.09657383884394 92.53136408143276 92.96127342324412 93.38770575500082 93.82000584462592 94.25499753253764 94.69042731586426 95.10562192240354 95.50038640737021 95.89602014678798 96.25214673685153 96.55429779053706 96.84975891231441 97.15531337769919 97.44751995793375 97.69143628613193 97.92974669679192 98.16361270777332 98.34436961289713 98.51604176232645 98.6979829165158 98.87328484450029 99.0307507053847 99.19052891473413 99.35214373488628 99.51522877249673 99.6794979904813 99.84472043341239 100.01052489472039 100.16305105687935 100.31420794987245 100.43957039563826 100.53309670870499 100.62339580713926 100.70479945627511 100.72404678255903 100.74329886177607 100.78550846184503 100.86442741315003 100.95820288684747 101.0664286766893 101.187904309703 101.3383465308436 101.51537705847981
91.30259686359692 91.7366272397434 92.16115350011286 92.59059497367605 93.02156036010025 93.44099915884692 93.83810417335037 94.22116279776303 94.60037681679572 94.95614933099145 95.31519184708125 95.6494769209139 95.94963412869788 96.23650120764968 96.49030306702764 96.73170034512272 96.96744119120045 97.19310435914444 97.40590669446168 97.58062723332046 97.76066021151937 97.94456378907529 98.11420499884714 98.2757471059346 98.43892401955588 98.60341556223497 98.76897098085112 98.93539148974963 99.1025120810259 99.26805470495421 99.42231530264347 99.57015097557168 99.66042693911753 99.74550707532941 99.77604525258947 99.79562592284286 99.81517816549454 99.83946272734806 99.91369326971609 100.00190067537345 100.10402055655028 100.22215763313196 100.3920291935651 100.57925670467958
90.50859892570756 90.93710464124077 91.36653461649365 91.79327641716183 92.2047339510731 92.59080319103653 92.96756463581147 93.3376342344707 93.69870523332075 94.04788110412728 94.39206998387287 94.72456933829132 95.04758529523087 95.31118374986436 95.54766322014571 95.78264493569864 96.01372011009387 96.23397807973024 96.44711675646325 96.65266184466977 96.83222523024638 97.01536885876588 97.19730774190953 97.3606155003317 97.5253576399164 97.69128324713019 97.85922988605336 98.02764419432954 98.1962432135245 98.36472576624018 98.53274315377166 98.69234466156112 98.79935614724491 98.83330524363409 98.8600141569741 98.88185351923438 98.89906023972847 98.91255621123251 98.9539741558276 99.03266137591555 99.12708174971188 99.25668600165707 99.43200312818469 99.66981074113758
89.70749543262849 90.13120485260457 90.5571687183005 90.97531517489202 91.35903768572895 91.73374863938767 92.09931347929944 92.45713269658941 92.80440884685548 93.14687544427021 93.47906124947565 93.80633681866442 94.12244100484025 94.3819476491557 94.61359795729317 94.83992694950383 95.06479783979432 95.28400184578636 95.49688055078667 95.70401942725658 95.9058112745052 96.09128000668598 96.2755487713708 96.44522183076025 96.61292487631897 96.78199481070347 96.95173669756456 97.1218849316064 97.29217789686338 97.46233413360592 97.63202751294739 97.79145376939816 97.89154948028535 97.92868019838082 97.9564647278232 97.98067457249722 98.00049546814006 98.01387965972184 98.02034225319632 98.05808380346802 98.1349738279014 98.27210869113368 98.48521593551428 98.77625771962158
88.91138014442306 89.33349447233604 89.75422171792836 90.14439991839369 90.51342229650575 90.87718450538807 91.2342690629339 91.58081418353156 91.91818202504659 92.24775111749963 92.5729942759286 92.8934933057709 93.19459457614128 93.45223491224267 93.67979354551545 93.90310258920495 94.12345086756402 94.3414599517352 94.55373849068773 94.76086627517185 94.96321236525226 95.16101387234433 95.35390985848593 95.5305568075696 95.7012304286922 95.87264573703256 96.04428065786274 96.21629462866083 96.38827865955068 96.55948314711496 96.720325041391 96.8398010976124 96.95398952229446 97.01953709389625 97.05720179388602 97.08164327622251 97.10169210136098 97.11626766138595 97.12398634075463 97.12219083038478 97.13731464554785 97.28347880013307 97.58676922694981 97.89253259433771
88.11905419315953 88.53774799173247 88.95353049815104 89.31702905139579 89.67357304885667 90.0240013221495 90.37095420080085 90.70734081168827 91.03288481602009 91.35430835953609 91.67167132625939 91.98462824259903 92.27238144239048 92.52549313359958 92.74987703479962 92.97084450913165 93.18859017254387 93.40501381900667 93.61647629942338 93.82326785140019 94.02573024761517 94.22406247450039 94.41969591787228 94.60519721220847 94.78139914637103 94.95641246405472 95.13021705103998 95.3028074400548 95.47421122590295 95.64578300323122 95.78059221395701 95.90314499401903 96.02085770119884 96.09957501694372 96.16124614673463 96.18654587247752 96.20735404155776 96.22267953004126 96.23134735340487 96.23154343474852 96.28164097988945 96.46230118187353 96.77741613727089 97.08476191256113
87.32876746704791 87.74276786742371 88.14387744500762 88.49435817326626 88.83855480851007 89.17700498298574 89.51140797102846 89.83794284900428 90.15289413961881 90.46507582985849 90.77364404216098 91.07827895095942 91.35517396244516 91.60137299410836 91.8232550686903 92.04240095750762 92.25891470500476 92.47359438613474 92.68409045184639 92.8903369683091 93.09264369191442 93.29134377635651 93.48868316363821 93.67487016720136 93.85339947116779 94.03082323982683 94.20714428557426 94.38238539694233 94.55703246044553 94.7232682057595 94.85226078656663 94.97815047749275 95.09654076955427 95.18636477554128 95.26087885964124 95.3062070914095 95.32585583761731 95.34266291304623 95.37649533666816 95.48285108661236 95.59552465566975 95.76732245993816 96.04259951535356 96.34036958994857
86.53955987119761 86.94780212984566 87.33999100064398 87.67792627741754 88.0101934238595 88.33722720719716 88.6598432367696 88.9750169384058 89.27718732123785 89.5790366804751 89.87788179195869 90.17339323962709 90.44233769323762 90.67966302691775 90.89955045665036 91.1172883877236 91.33289994248898 91.54631919612015 91.75573448591727 91.9612962182924 92.16327511528198 92.36270505698742 92.56056626764271 92.74556555550392 92.92637444827784 93.10614927026465 93.28491293059618 93.46271127411127 93.64067042868535 93.80015159417943 93.93333980012355 94.06276258529917 94.18300685818927 94.28087684766918 94.36590791441682 94.43392304537595 94.45899836192294 94.50764092952176 94.62910485227795 94.7572085329337 94.89512247121024 95.07119727270192 95.3085919343952 95.5977911902351
85.75118795939235 86.15251068391534 86.54496006697326 86.87066830991249 87.19115289835165 87.50681973577214 87.81799121343164 88.11834686952555 88.40502992491129 88.69541363089213 88.98357112858588 89.26913252032756 89.53310296054306 89.76026749882062 89.97854741885781 90.19522048771078 90.41022834204362 90.62242119263136 90.83066243324492 91.03544677085713 91.23699494824339 91.43671134315085 91.63326558762836 91.81729388127353 92.00031822020556 92.18236686835223 92.36348033539754 92.54372311730677 92.72452713347646 92.88460844671059 93.02252329491806 93.15552943808146 93.27778678964377 93.38455755187262 93.47921244943112 93.56107323554242 93.60139413764246 93.73253971350329 93.87217184898023 94.01813418007508 94.1718045164989 94.35380389031334 94.57591590273918 94.85597958769422
84.96924895938076 85.35726877289905 85.75409450145962 86.07618000005066 86.38475103147086 86.68864277098535 86.98716738043478 87.26713405107105 87.53878425303657 87.81348926189162 88.08995100421733 88.36472065812782 88.62099786888032 88.84320212873308 89.0601686658066 89.27608232028328 89.49070994637864 89.70117189953402 89.90816310749554 90.11211975613662 90.31319509168216 90.51282111903896 90.70398019366127 90.89011913350933 91.07528222475823 91.25951397367317 91.44287065519217 91.62543202684392 91.80860345037583 91.97549419833092 92.11877393750183 92.25539795305973 92.38238167099361 92.49816895100155 92.60225036028577 92.69267551759381 92.80141725197436 92.94960042634878 93.10580359534973 93.26771859280595 93.43270077587412 93.6208798881659 93.85165213074089 94.11724147922727
84.19320895601773 84.56706759191304 84.95168021096748 85.29934365759124 85.59553269897397 85.88602004153172 86.15993568904322 86.41927836246579 86.67699681634413 86.9330874344423 87.19607445102078 87.45717551026758 87.70755323917828 87.92861569622366 88.14448345979852 88.35995641983934 88.57317850774713 88.7817654279432 88.98746150938001 89.19059835083377 89.39123337910442 89.58679110036955 89.77598720124563 89.96416397309969 90.15137783580725 90.3376894695709 90.52317003664753 90.70791231690329 90.89297199413612 91.0717052557472 91.22109706069362 91.361574680251 91.49685503624727 91.62216343855435 91.73595757549022 91.84185914314064 91.99588503675261 92.16058535987212 92.33252738243047 92.50943640301145 92.68745611012541 92.87911118027935 93.12643938215383 93.38718248095324
83.37215823985493 83.7616748298465 84.1512235561425 84.53579107735226 84.82955276204314 85.08368287001119 85.32589462349974 85.56875742267705 85.81255033792694 86.05694502276535 86.29723315079364 86.53827251514139 86.783176467821 87.015061050763 87.23176698843419 87.44704179540214 87.65647139916395 87.86307002347382 88.06752000833119 88.26996421791527 88.4669234260274 88.65831210558086 88.84949130658696 89.0396255836661 89.22879070218441 89.41706506320375 89.60453546150583 89.79130709399962 89.97775357914561 90.16554231525166 90.32682285963496 90.4757932852081 90.62092419644745 90.75670155180968 90.88101839407351 91.01664306056475 91.18736971290261 91.36851099707961 91.55587488985357 91.74738591825492 91.93769360121782 92.14519290352445 92.40118658831727 92.65742961328418
82.12708658173662 82.4728289818649 82.8324893276235 83.21244945087106 83.61976738477539 83.9426108138856 84.22740980340609 84.52079157079939 84.81626346795863 85.11085154506803 85.38801267991329 85.62850129365079 85.86316810777829 86.10383840643873 86.32249543764796 86.53191552376882 86.73805257882529 86.94289857949133 87.14585229977851 87.34298328967624 87.53827900141262 87.73173499011358 87.92479591145687 88.11680535434526 88.30781035026085 88.4979124309108 88.68721833472655 88.87584834192822 89.06395232569506 89.25277080981508 89.43468771603527 89.59766860270716 89.75346694084432 89.90136181055482 90.0378943628535 90.19034283185583 90.37973432315323 90.57761754250798 90.78047552548581 90.98448494481504 91.18990023312942 91.42801330747128 91.67727196685522 91.92925313260092
