laplace.asc
NCOLS 250
NROWS 250
XLLCORNER 2.0
YLLCORNER 3.0
CELLSIZE 1.0
NODATA_VALUE -9999
[rows 133 to 151 of 250, columns 176 to 219 of 250]
103.40684217103707 102.49575070913463 101.5658723704059 100.61198170817835 99.63678253227481 98.63795514309874 97.6155523791668 96.56971676457205 95.48931114755054 94.36290339005352 93.21740491456977 92.05407293541423 90.87401197573037 89.67822665143179 88.47956697341816 87.28023739627088 86.08234079415782 84.91541579090857 83.7751682700071 82.64592104462368 81.51982589646028 80.39669599124524 79.3490233574039 78.28940080137458 77.23468951972316 76.2039466927938 75.18785751405451 74.15052330111514 73.12201343126542 72.23274937683284 71.38356567402208 70.70419960388807 70.02063355563729 69.33139703733005 68.65349057467435 67.97682343149465 67.30125529221895 66.62751760706655 65.95969469430437 65.29308364970703 64.63051239130435 64.00226205427836 63.43018174634252 62.873683322143414
103.901015534634 103.01499402564745 102.08073393061025 101.12389573119104 100.14303702024593 99.13772013403747 98.10784747820044 97.03015225266668 95.92201967359763 94.79155842191294 93.64020905496704 92.46914876148182 91.27929130469859 90.0712926655531 88.84564570792047 87.63676060962324 86.41452060725827 85.25142700221161 84.10394638841598 82.9593309405611 81.82585157524348 80.69630442142409 79.68864316321348 78.63825301725912 77.63503484533581 76.66783559987219 75.68991101353639 74.6966784818078 73.83677769211158 72.9772945047619 72.14692964535038 71.4020917029703 70.72222592879216 70.04423193937633 69.36757603311257 68.69200382707622 68.01734659115365 67.34348478881988 66.67075079166666 66.00154817278995 65.3541573462984 64.81592957404897 64.27417665088781 63.72879431413435
104.31754072810647 103.5147445650914 102.61517946676065 101.6585506352154 100.6645394125122 99.6370728546844 98.57899053779921 97.49277317938605 96.38053113795569 95.24401805407904 94.08960617067657 92.92066619848926 91.7303928704146 90.51326258664605 89.25919495951204 87.97475186070406 86.74768555555553 85.62198177494587 84.48890058364947 83.33608576291034 82.15775880411802 80.98603682425139 79.97590114936781 79.01390155814005 78.08028107757566 77.15296291880273 76.24892975088602 75.39959379222636 74.55757912053251 73.71729640473912 72.88748025823683 72.13294304808342 71.43249489809658 70.75596229732143 70.08069764431687 69.46661863619983 68.84125406524409 68.19663047417696 67.53662433794763 66.8804915188794 66.31834489013377 65.7848834380681 65.25882181103746 64.73191823045782
104.72835924773197 103.93710723151472 103.05436427613925 102.13925835805163 101.16935141139564 100.14069563968353 99.08003503355178 97.9894173607396 96.87083674248925 95.73099995658481 94.57580989337458 93.40339180096788 92.21038767731369 90.99102384320089 89.7365290654124 88.42573381916667 87.21391703396147 86.08628318258573 84.97319942478016 83.83989927204009 82.67908374265922 81.51601622399654 80.42707688902951 79.50712759377888 78.62944012701088 77.78612791918624 76.97701657824561 76.15424608522827 75.3242493734952 74.49498517049761 73.66618945265259 72.85571925376502 72.14163004010939 71.582129952565 71.01170482245674 70.41568798815254 69.79969537164435 69.18193326302975 68.55061705176595 67.91005108748345 67.38728160943266 66.84683113800938 66.30259133173539 65.75194382070259
105.16662514989365 104.36306230470937 103.53961646549425 102.61103043955006 101.67048663027437 100.6946163743684 99.6271046359512 98.52906365332392 97.39651460251575 96.2462729599213 95.08263147308045 93.90318836148147 92.70392841323029 91.48169358415372 90.22258876014025 89.00053429606996 87.82519938389716 86.67418146371244 85.55931976513878 84.44962732370578 83.34563115657303 82.25067792264232 81.17243485749756 80.14991065493732 79.2928371180114 78.53130427534374 77.73338226354241 76.92095283576803 76.10597759291895 75.29261681812288 74.47660755204332 73.72600168742773 73.05324718492948 72.5175362746934 71.95867988100558 71.37999702894132 70.7864745608424 70.17846695348962 69.55414608651425 68.9764275112551 68.44432186502415 67.89996418653796 67.35383435589353 66.80072183401869
105.62517901211119 104.8136864002766 103.98717785755112 103.14099324114511 102.20604473402459 101.23415346666395 100.23454299973325 99.11956323616617 97.96005302996866 96.79272399035645 95.61547604291694 94.42694350556125 93.2249557659639 91.99420684775359 90.7876144591073 89.59737012518814 88.44518818726925 87.30228508628791 86.1961935417094 85.11192992514707 84.03243855994832 82.98353753253015 81.95263055831764 80.93477850867791 80.03774160147096 79.2719379862633 78.4980308375989 77.71129487876236 76.91320575770968 76.14591024542342 75.4374672198453 74.76074565968302 74.10883859682396 73.49887132898851 72.93526618884835 72.36188407259972 71.77336322025307 71.1744738221541 70.60289827691662 70.04499798533286 69.50575306998662 68.95748921421622 68.4062883807451 67.850096361521
106.09979654104518 105.28394315987136 104.45617385054955 103.6123704057341 102.7496764995523 101.85233843801656 100.87820089462167 99.77479905746158 98.57295755426105 97.38173296946046 96.19056809888734 94.98999755186145 93.79247538519803 92.58388700800396 91.37831735233799 90.19936093580426 89.06167827275645 87.93116815661256 86.82984454917235 85.77054031932722 84.7532425928128 83.7524130194288 82.75952643628801 81.7868335338275 80.88858528644253 80.10280364923338 79.31999202180005 78.53397420211577 77.78980880906364 77.10617855156637 76.44453134430016 75.7943917155991 75.1610681172732 74.54194591336024 73.96532055824309 73.38656172902182 72.80926608974809 72.23611780354067 71.6705520662961 71.10991480094421 70.56846072543881 70.01767576131947 69.46131436427642 68.90267246257496
106.5852588255664 105.76731150744916 104.93931493384449 104.0978628268034 103.24080533256375 102.36335855975028 101.44696266945047 100.40653896026171 99.21540974081313 98.00519308635899 96.79660162828478 95.59169743431427 94.38258684593181 93.16961947656085 91.96437276889381 90.79238619473827 89.66839229786076 88.55119723795586 87.46249406193247 86.45059941761882 85.47827572660158 84.5134943689052 83.55655787535353 82.62112710959082 81.74684596446424 80.95154047069359 80.16056056041131 79.39611576306412 78.73763676974933 78.08613785782345 77.4520338043743 76.8259853571202 76.20526264251237 75.58570034718605 75.011478868111 74.43931489044583 73.8722120486193 73.30268677517421 72.74081292732482 72.18152663556559 71.63165729589302 71.08141372973044 70.5226688609688 69.95971882752752
107.0798838963182 106.26121995969497 105.43245726506683 104.5922707236574 103.73903336720043 102.869441924751 101.87636700026242 100.85975162048298 99.77632956398774 98.60060831391361 97.4058213946883 96.21157595408627 95.0138557338886 93.8064575481589 92.57920107122348 91.36714583715319 90.25768902950144 89.15601685705707 88.09691318237242 87.13313940045457 86.19667848876999 85.26670021987188 84.34368508444359 83.43984478827385 82.59756534826883 81.80557137382199 81.01420381697338 80.33827095818505 79.70748613524589 79.08381545132487 78.46454107533432 77.85334759436849 77.2417954278812 76.63319138654478 76.06389147843859 75.50324866270361 74.93999883088647 74.37398081211039 73.8141039918743 73.25627210733632 72.69858147044609 72.14788918288141 71.5896162155365 71.02458729643614
107.5853628574507 106.76413772465816 105.93397688909752 105.09404435012114 104.24307299606303 103.33303420450554 102.33707404463071 101.33469934722925 100.2782898647733 99.20160756910269 98.01805590305034 96.83585269751707 95.651055139458 94.45750632461906 93.2446720453635 92.00041047906947 90.81850552877916 89.7344028729797 88.73670370682525 87.81188167100085 86.91096548017293 86.01479753691387 85.12401043252346 84.26612214195363 83.45154838186751 82.65908900000001 81.89095567197748 81.28514530692395 80.6826483956842 80.07688670926413 79.47600010569157 78.87855009290905 78.27375185390937 77.68424530949163 77.12845643394233 76.57184934522103 76.0123175546641 75.44975310964784 74.89063468095695 74.33435786451165 73.77574493206106 73.21850436852843 72.66115159941623 72.09608465501316
108.0994994859138 107.27502175229833 106.44279770335231 105.60218429763961 104.75216638951102 103.81355359307662 102.82029628102713 101.8314749349464 100.79984995287938 99.75269383160152 98.63062769444814 97.46198240732302 96.29184074129206 95.11425941462058 93.91875044758133 92.68464227934517 91.39282373563256 90.2840000613708 89.38802382222222 88.49369298320724 87.62781996932067 86.76486901994504 85.92252745465841 85.10010580952381 84.30509513114107 83.512065875969 82.80765018340583 82.23113988436988 81.65602486154164 81.06777961332544 80.48613397380556 79.90096075151361 79.30459264166112 78.74699389303042 78.19739910885937 77.64471162875857 77.08884683435626 76.52973438428042 75.97049740144999 75.41588680186396 74.85865016744134 74.29851714165436 73.73725138175556 73.17263929210048
108.62143850772696 107.79314580813022 106.95815948022083 106.1159875002352 105.26579715633412 104.31295727071348 103.32746166818009 102.34449626082382 101.33809651663111 100.30937190840497 99.24207857207631 98.08858342386415 96.9350237736579 95.77587749221347 94.60114454562668 93.3903499538222 92.10342088184126 91.0128965 90.11564624250863 89.21171810468086 88.37332280093742 87.5614973710404 86.77330601372786 85.97387171479444 85.16266925776257 84.3646102326511 83.70004026725452 83.17667818175588 82.628217866398 82.06012264979469 81.49609221016284 80.92145710555786 80.36113297907626 79.81566243787702 79.27022120939472 78.72143780058113 78.16925944484129 77.61364516002178 77.05455615451625 76.50090272305106 75.94520811516065 75.38637961584031 74.82411276170754 74.2561046637092
109.15071772200527 108.31792849674869 107.47943046450648 106.63485417035534 105.7835047598429 104.82676020735532 103.8517788824138 102.87684064557105 101.88639747107788 100.88007023873875 99.85151950805694 98.7149133603953 97.58018196832144 96.44250890726836 95.29293004549793 94.1273691799922 92.99628130812894 91.968254 91.03868949999999 90.14183471544715 89.29180058685446 88.50721343534539 87.73310962874066 86.95736909097657 86.17300864683413 85.36900519950561 84.70895848353587 84.12968585764368 83.60327372486567 83.05615570041358 82.52433959575907 81.97898622334803 81.4253802528928 80.88766928436175 80.3464388575716 79.80163275271607 79.25322538904646 78.70120229875512 78.14555025021654 77.58941572954782 77.0354419757093 76.4781270501642 75.91718370008446 75.3505444287449
109.70668941454646 108.87648867423377 108.0369883398847 107.18699697695592 106.32225353766356 105.3616059773801 104.39011074470476 103.42681013013585 102.45126655276744 101.46305366364642 100.46156125994656 99.34541086015031 98.23446652782087 97.12887968582888 96.02991092138318 94.9409123453199 93.88007107671883 92.92361149999999 92.01866263085083 91.13129984738543 90.30157095758922 89.51105438521522 88.7397422050177 87.98339911847042 87.24036872276923 86.51133098243692 85.85135866847043 85.24954023992997 84.64703361082239 84.110006055093 83.58321660119275 83.04005699072121 82.49547582645144 81.96241717913624 81.4255693096335 80.8849003988141 80.34041360879405 79.79212312242873 79.24004302826295 78.684182031122 78.12936070515288 77.57377884102826 77.01440766015813 76.44925186729158
110.26994461289823 109.43766960275624 108.59901779827793 107.74990605105963 106.8693098147166 105.93925501747678 104.95955401017784 103.9925894702634 103.03138837896927 102.05946448450987 101.06840748916242 99.9785293715448 98.89955240926088 97.830486982006 96.77896823044405 95.75896517276146 94.78441876376816 93.87934183475191 92.95322326330027 92.10479479081727 91.29951832853378 90.52512979823842 89.77290961742467 89.03863010869442 88.32017053427111 87.61708817445809 86.94241004203744 86.34885872055831 85.7459817851842 85.16075695741455 84.64230866705277 84.10365683054157 83.56735469200338 83.03929276906426 82.50712209941318 81.97084218009185 81.43049434897544 80.88615712695746 80.33767528765871 79.78501346594851 79.22845905949215 78.67224427532804 78.11443974394608 77.55160095018246
110.82779041590904 109.9971993671279 109.15797933432673 108.29238846527083 107.4155104368174 106.53173758825324 105.56299274302435 104.58936304082131 103.6251911172307 102.66795971864028 101.67135110973538 100.61276288038928 99.58075670425951 98.56680672728 97.56255445112377 96.58248138742671 95.6849038973519 94.76933012584726 93.88868457614095 93.06113890041328 92.27500990164637 91.51863691934072 90.7852944656299 90.07100556643898 89.3735154650938 88.6918520503381 88.02634500772312 87.41710557089527 86.82329493972493 86.23029244547153 85.69959906100419 85.16916311799113 84.64016694871422 84.11765020642244 83.59059593460111 83.05906023742111 82.52355693313382 81.9830528217488 81.43786220683816 80.88847964316821 80.33521254055667 79.77824954991605 79.21792509996976 78.65746687660459
111.39657902967386 110.55579686289994 109.70006768188537 108.83689205283227 107.96891745093212 107.0927957908519 106.19679291955552 105.2125330744965 104.23168190851973 103.28654609559406 102.28457291443131 101.28695769986474 100.30191486848118 99.32222821691255 98.35285487253964 97.42970492617292 96.55851307783716 95.64199392289659 94.79517701589246 93.99645481667741 93.2298756177444 92.49211965755278 91.77725619585046 91.08163028178613 90.40301739560994 89.74021368535328 89.09291269698323 88.46816398450322 87.8808157498813 87.29793373907961 86.75396229491751 86.23538089270615 85.71293803165047 85.19680477513994 84.67548838893073 84.1501959860181 83.61887689480376 83.08195577474162 82.54029702556309 81.99442558818986 81.44467212116146 80.89117726518533 80.33361592406706 79.77237560404146
111.93800094304979 111.09554168164347 110.2499293405161 109.39833847656814 108.53681453613802 107.66227651960652 106.77070620839369 105.85344386101806 104.8717386096907 103.91050425278745 102.92719675475118 101.97157462200566 101.02166153145568 100.07601232335831 99.17845844222495 98.30108509079771 97.4066033384753 96.53063553622033 95.70811058645306 94.91790914929648 94.1660695210722 93.44702408281839 92.75022680820925 92.07234851359111 91.41127371865065 90.76572359096079 90.13508335922491 89.5194151426057 88.92655523918614 88.35407341222538 87.79972318603777 87.30171589355358 86.78449644919944 86.27605824279632 85.76256495655035 85.24266903634701 84.7154253477175 84.182444598038 83.64464091017568 83.10257950696722 82.55662269547797 82.00706235035352 81.45366114530384 80.89657229921822
112.4912481569514 111.65831364728096 110.81966561042019 109.97244905278372 109.11414430849389 108.24160493234272 107.3505986506049 106.43482628780129 105.47862294549871 104.53647176310326 103.60678552432917 102.69295706546433 101.79820051204636 100.91185214523789 100.02513073487304 99.1424054668688 98.25833833631567 97.41447210131214 96.61110280926346 95.8318297228233 95.08639510941762 94.38497102680333 93.70586262293541 93.04279968067351 92.39231764172922 91.76586673913644 91.15263728640177 90.55319520807882 89.96492812870676 89.39342297013162 88.84664821144973 88.36007661392246 87.85334801578848 87.35484420269047 86.85010533663348 86.33516755222853 85.81259656467839 85.28405616051255 84.75053656653493 84.21266675717257 83.67159528332782 83.12640937699094 82.57734511260638 82.02460508377064
