tin.asc
NCOLS 250
NROWS 250
XLLCORNER 2.0
YLLCORNER 3.0
CELLSIZE 1.0
NODATA_VALUE -9999
[rows 40 to 59 of 250, columns 88 to 131 of 250]
100.96110127906975 101.29581941860465 101.63053755813954 101.96525569767442 102.29997383720932 102.63469197674421 102.96941011627908 103.30412825581395 103.63884639534884 104.0165873529412 104.41894023809523 104.66460833333332 104.91027642857142 105.1476009090909 105.35989454545454 105.57218818181818 105.77060461538464 105.95514384615386 106.1396830769231 106.32422230769232 106.50876153846154 106.69330076923077 106.87784 106.86811624999999 106.85839250000001 106.84866874999999 106.77619782608694 106.45897805555558 106.07586212962961 105.6927462037037 105.3502825 105.07557249999999 104.8008625 104.5261525 104.2514425 103.9767325 103.68657692307691 103.10295538461538 102.58640314814815 102.1503340740741 101.71426500000001 101.05538583333336 100.39650666666667 99.7376275
101.69255220930233 102.0272703488372 102.36198848837212 102.69670662790699 103.03142476744188 103.36614290697675 103.70086104651163 104.03557918604652 104.3702973255814 104.70501546511629 105.04693611111112 105.2786981818182 105.47711461538462 105.66165384615385 105.8461930769231 106.0307323076923 106.21527153846155 106.39981076923077 106.58434999999999 106.76888923076922 106.95342846153846 107.13796769230771 107.32250692307693 107.37753749999999 107.36781375000002 107.35808999999999 107.23855869565215 106.89498046296296 106.51186453703706 106.1287486111111 105.7456326851852 105.37606750000002 105.1013575 104.8266475 104.5519375 104.2772275 104.00251750000002 103.43434153846154 102.85072 102.41465092592594 101.97858185185184 101.33684192307693 100.67796275641025 100.01908358974357
102.42400313953489 102.75872127906979 103.09343941860466 103.42815755813955 103.76287569767442 104.0975938372093 104.4323119767442 104.76703011627907 105.10174825581393 105.45799392592592 105.62852566666669 105.75715555555549 105.92178153846154 106.10632076923079 106.29086000000004 106.47539923076923 106.65993846153843 106.84447769230769 107.02901692307691 107.21355615384616 107.39809538461537 107.58263461538462 107.76717384615384 107.88695875 107.87723499999998 107.82045086956522 107.70091956521742 107.33098287037038 106.94786694444444 106.5647510185185 106.18163509259257 105.79851916666667 105.41540324074069 105.1271425 104.85243249999998 104.5777225 104.3030125 103.7657276923077 103.18210615384614 102.67896777777779 102.2428987037037 101.61829801282052 100.95941884615385 100.30053967948717
103.15545406976743 103.49017220930234 103.82489034883723 104.15960848837209 104.49432662790701 104.82904476744189 105.17354814814811 105.53566496296295 105.89778177777778 106.12910422222221 106.30361385714286 106.40937700000002 106.51514014285715 106.63462333333337 106.79526666666668 106.95590999999999 107.11655333333337 107.28914461538461 107.47368384615385 107.65822307692306 107.84276230769231 108.02730153846153 108.21184076923076 108.39638 108.38665625 108.28281173913044 108.1501012037037 107.76698527777779 107.38386935185186 107.00075342592592 106.61763749999999 106.2345215740741 105.85140564814813 105.46828972222222 105.1529275 104.8782175 104.60350749999999 104.09711384615383 103.51349230769232 102.94328462962963 102.50721555555558 101.8997541025641 101.24087493589745 100.58199576923077
103.886905 104.2216231395349 104.55634127906976 104.89105941860461 105.2512191851852 105.61333599999999 105.9754528148148 106.33756962962964 106.60159066666667 106.78386522222223 106.97362025000007 107.08446519047618 107.19022833333332 107.29599147619047 107.40175461904761 107.5120911111112 107.67273444444444 107.83337777777778 107.99402111111112 108.15466444444445 108.31530777777776 108.4759511111111 108.65650769230773 108.84104692307692 108.86470391304347 108.74517260869564 108.58610361111113 108.2029876851852 107.81987175925926 107.43675583333332 107.0536399074074 106.67052398148147 106.28740805555556 105.90429212962962 105.52117620370369 105.1787125 104.90400249999998 104.42850000000001 103.84487846153846 103.26125692307693 102.7715324074074 102.18121019230769 101.52233102564102 100.83524416666643
104.6183559302326 104.96677340740737 105.32889022222226 105.69100703703705 106.05312385185186 106.41524066666669 106.77735748148149 107.07407711111112 107.25635166666667 107.43862622222221 107.62838125000002 107.75955338095237 107.86531652380953 107.97107966666665 108.07684280952384 108.18260595238094 108.2883690952381 108.39413223809531 108.55020222222223 108.71084555555558 108.87148888888888 109.03213222222223 109.19277555555556 109.35341888888885 109.32706478260869 109.20753347826086 109.02210601851851 108.63899009259259 108.25587416666664 107.87275824074075 107.48964231481483 107.1065263888889 106.72341046296296 106.34029453703704 105.95717861111112 105.57406268518518 105.20449749999999 104.75988615384615 104.17626461538461 103.59264307692307 103.03584925925928 102.46266628205129 101.78686249999998 100.94269733944954
105.40656125925926 105.76867807407407 106.13079488888887 106.4929117037037 106.85502851851852 107.21714533333335 107.54656355555552 107.7288381111111 107.91111266666667 108.09338722222223 108.28314225000004 108.43464157142857 108.54040471428571 108.64616785714284 108.751931 108.85769414285714 108.96345728571428 109.06922042857143 109.17498357142857 109.28074671428573 109.42767 109.58831333333333 109.74895666666666 109.90960000000001 109.78963999999999 109.66989434782609 109.45810842592593 109.07499250000001 108.69187657407407 108.30876064814815 107.92564472222222 107.5425287962963 107.15941287037036 106.77629694444444 106.39642024390236 106.02626121951216 105.61670613636362 105.05425155172414 104.49531051724139 103.92402923076924 103.34040769230769 102.73848083333348 101.86632917431193 100.98018426605505
106.20846592592594 106.57058274074073 106.93269955555554 107.29481637037037 107.6569331851852 108.01905000000002 108.20132455555557 108.38359911111111 108.56587366666668 108.74814822222223 108.93790325000002 109.10972976190476 109.21549290476192 109.32125604761904 109.42701919047617 109.53278233333334 109.63854547619047 109.74430861904762 109.85007176190477 109.9558349047619 110.06159804761903 110.16736119047619 110.30513777777777 110.37224666666667 110.25228666666665 110.13232666666664 109.89411083333331 109.51099490740744 109.1278789814815 108.75448073170732 108.38432170731706 108.01416268292682 107.64400365853659 107.27384463414634 106.90368560975611 106.41533840909091 105.84819909090908 105.28691568965517 104.72797465517242 104.16903362068967 103.6100925862069 102.78996100917429 101.90381610091742 101.01767119266056
107.01037059259261 107.3724874074074 107.73460422222222 108.09672103703706 108.45883785185187 108.67381099999999 108.85608555555555 109.03836011111112 109.22063466666667 109.4029092222222 109.59266425 109.78481795238096 109.8905810952381 109.99634423809523 110.10210738095238 110.20787052380953 110.31363366666666 110.41939680952382 110.52515995238093 110.6309230952381 110.73668623809525 110.82640071428571 110.88401785714285 110.76112465116277 110.57044333333333 110.45048333333334 110.33052333333333 110.00206414634147 109.63190512195119 109.26174609756097 108.89158707317073 108.52142804878049 108.15126902439023 107.78110999999997 107.21397068181818 106.64683136363635 106.07969204545455 105.5195798275862 104.96063879310344 104.4016977586207 103.7066662499999 102.82760104545454 101.94130302752293 101.05515811926607
107.81227525925925 108.17439207407406 108.53650888888889 108.89862570370371 109.14629744444443 109.328572 109.51084655555556 109.6931211111111 109.87539566666666 110.0576702222222 110.24742524999998 110.44466075 110.5656692857143 110.67143242857142 110.77719557142856 110.88295871428568 110.98872185714285 111.094485 111.15210214285713 111.2097192857143 111.26733642857143 111.32495357142858 111.38257071428573 111.18231593023253 110.95627395348835 110.73023197674418 110.50419 110.38422999999999 110.13917048780488 109.76901146341464 109.39885243902438 109.02869341463416 108.57974227272727 108.01260295454544 107.44546363636364 106.87832431818181 106.311185 105.75224396551722 105.19330293103445 104.52851374999999 103.7516265909091 102.86526295454546 101.97889931818183 101.09264504587158
108.61417992592592 108.97629674074075 109.33841355555555 109.6187838888889 109.80105844444442 109.98333299999999 110.16560755555554 110.34788211111112 110.53015666666666 110.71243122222221 110.90218625 111.09942174999999 111.24075747619048 111.34652061904761 111.42018642857143 111.47780357142858 111.5354207142857 111.59303785714286 111.650655 111.70827214285715 111.76588928571428 111.82350642857142 111.8295491860465 111.60350720930232 111.37746523255814 111.15142325581395 110.92538127906977 110.6993393023256 110.4732973255814 110.27627682926828 109.90611780487805 109.37837454545455 108.81123522727273 108.24409590909092 107.6769565909091 107.10981727272727 106.54384913793102 105.98490810344826 105.35036125000002 104.60996625000003 103.78928850000001 102.90292486363637 102.01656122727272 101.1301975909091
109.41608459259258 109.77820140740741 110.09127033333334 110.27354488888888 110.45581944444446 110.638094 110.82036855555555 111.00264311111111 111.18491766666666 111.36719222222222 111.55694725 111.70487833333333 111.80350500000002 111.86112214285717 111.91873928571427 111.97635642857144 112.03397357142856 112.0915907142857 112.14920785714287 112.206825 112.26444214285715 112.32205928571429 112.25074046511627 112.02469848837208 111.79865651162791 111.57261453488373 111.34657255813953 111.12053058139537 110.89448860465116 110.64648250000002 110.18338407894737 109.6098675 109.04272818181816 108.47558886363637 107.90844954545454 107.34131022727273 106.77651327586209 106.17220875 105.43181375 104.69141875 103.8269504090909 102.94058677272727 102.05422313636365 101.16785949999999
110.21798925925926 110.56375677777778 110.74603133333333 110.92830588888891 111.11058044444445 111.29285499999999 111.46616207865169 111.63946915730338 111.81277623595504 111.98608331460674 112.07908130841122 112.16242166666669 112.26104833333332 112.35967499999998 112.41729214285714 112.47490928571428 112.53252642857142 112.59014357142857 112.64776071428571 112.70537785714285 112.762995 112.82061214285716 112.67193174418605 112.44588976744186 112.21984779069767 111.9938058139535 111.76776383720932 111.54172186046515 111.2497875 110.84803249999999 110.43400881578948 109.86049223684209 109.28697565789471 108.71345907894737 108.1399425 107.57280318181817 106.99405624999999 106.25366124999998 105.51326625000002 104.75097595454544 103.86461231818181 102.9782486818182 102.09188504545455 101.20552140909092
111.02269555555556 111.17368039325842 111.34698747191013 111.5202945505618 111.69360162921346 111.86690870786516 112.04021578651685 112.21352286516854 112.38682994382022 112.56013702247192 112.63853336448597 112.66582392523364 112.71859166666664 112.8172183333333 112.91584499999998 112.97346214285714 113.03107928571427 113.08869642857142 113.14631357142856 113.20393071428572 113.26154785714286 113.31916500000001 113.09312302325581 112.86708104651163 112.64103906976746 112.41499709302326 112.18895511627906 111.85309250000002 111.45133750000001 111.04958250000001 110.6478275 110.11111697368418 109.53760039473686 108.96408381578946 108.3905672368421 107.81705065789471 107.07550875 106.33511375 105.59471874999998 104.78863786363637 103.90227422727273 103.0159105909091 102.12954695454545 101.2431833181818
111.66382999999999 111.8036292857143 111.92104117977529 112.09434825842695 112.26765533707864 112.44096241573034 112.61426949438203 112.78757657303372 112.96088365168539 113.13419073033707 113.19798542056074 113.22527598130839 113.25256654205609 113.27985710280373 113.37338833333331 113.472015 113.52963214285715 113.58724928571426 113.64486642857143 113.70248357142859 113.76010071428571 113.74035627906976 113.51431430232557 113.2882723255814 113.06223034883723 112.83618837209305 112.45639750000001 112.05464249999999 111.65288749999999 111.2511325 110.84937749999999 110.3617417105263 109.78822513157894 109.21470855263159 108.64119197368422 107.93165384615384 107.16382076923075 106.41656625 105.67617125000001 104.82629977272728 103.93993613636361 103.0535725 102.16720886363638 101.28084522727274
112.30496444444445 112.43730452380952 112.54353738095237 112.66840196629212 112.84170904494383 113.0150161235955 113.18832320224719 113.36163028089888 113.53493735955058 113.70824443820224 113.75743747663553 113.78472803738318 113.81201859813083 113.8393091588785 113.86659971962617 113.92955833333333 114.028185 114.08580214285715 114.14341928571427 114.20103642857143 114.25865357142855 114.16154755813953 113.93550558139535 113.70946360465116 113.46145750000002 113.0597025 112.6579475 112.2561925 111.8544375 111.4526825 111.05092749999997 110.61236644736842 110.03884986842105 109.46533328947366 108.79465846153846 108.02682538461538 107.2589923076923 106.49801875000001 105.7503253181819 104.8639616818182 103.97759804545454 103.09123440909093 102.20487077272729 101.31850713636365
112.94609888888887 113.07097976190477 113.17721261904762 113.28344547619047 113.41576275280899 113.58906983146068 113.76237691011235 113.93568398876403 114.10899106741574 114.2822981460674 114.31688953271029 114.34418009345795 114.3714706542056 114.39876121495327 114.42605177570094 114.45334233644861 114.48572833333336 114.58435499999999 114.64197214285714 114.69958928571427 114.75720642857142 114.58273883720929 114.35669686046512 114.06476249999997 113.66300749999998 113.26125250000001 112.85949749999999 112.4577425 112.05598749999999 111.65423249999999 111.25247749999998 110.85072249999999 110.28947460526317 109.65766307692307 108.88983 108.12199692307692 107.35416384615384 106.58633076923078 105.78798722727272 104.9016235909091 104.01525995454546 103.12889631818182 102.24253268181819 101.35616904545455
113.58723333333333 113.704655 113.81088785714286 113.91712071428572 114.02335357142854 114.16312353932585 114.33643061797753 114.50973769662919 114.68304477528092 114.8490510280374 114.87634158878504 114.90363214953271 114.93092271028038 114.95821327102804 114.9855038317757 115.01279439252338 115.04008495327103 115.06737551401869 115.14052500000001 115.19814214285715 115.22997209302326 115.00393011627908 114.66806749999999 114.26631249999998 113.8645575 113.4628025 113.0610475 112.65929249999999 112.2575375 111.85578249999999 111.45402749999998 111.0522725 110.5206676923077 109.75283461538461 108.98500153846153 108.23480884615385 107.50225653846154 106.71085824675322 105.8094525179856 104.92256201438849 104.03567151079137 103.14878100719422 102.26189050359712 101.375
114.22836777777782 114.33833023809524 114.4445630952381 114.55079595238094 114.65702880952384 114.76326166666665 114.9104843258427 115.08379140449439 115.25709848314608 115.40850308411216 115.43579364485983 115.46308420560749 115.49037476635512 115.5176653271028 115.54495588785045 115.57224644859812 115.5995370093458 115.62682757009345 115.65411813084111 115.69669500000002 115.651163372093 115.27137249999998 114.86961750000002 114.4678625 114.06610749999996 113.6643525 113.27073156249998 112.8852446875 112.49975781250002 112.1142709375 111.7287840625 111.31934772727271 110.73932192307691 110.00676961538461 109.27421730769233 108.54166500000001 107.63257474025974 106.72348448051947 105.81524805755402 104.92835755395683 104.04146705035971 103.15457654676258 102.26768604316547 101.38079553956837
114.8657726190476 114.97200547619049 115.07823833333335 115.1844711904762 115.29070404761904 115.39693690476193 115.50316976190474 115.65784511235955 115.83115219101123 115.9679551401869 115.99524570093457 116.02253626168223 116.0498268224299 116.07711738317758 116.10440794392524 116.13169850467288 116.15898906542054 116.18627962616821 116.20964392857141 116.22515571428572 115.9804203125 115.5949334375 115.2094465625 114.82395968750001 114.4384728125 114.05298593749997 113.66749906249999 113.28201218749999 112.8965253125 112.51103843749999 112.05370318181816 111.52451954545455 110.9953359090909 110.31362576923078 109.4633814935065 108.55429123376624 107.64520097402598 106.73611071428573 105.82702045454543 104.93415309352518 104.04726258992805 103.16037208633094 102.27348158273382 101.38659107913669
