tin.asc
NCOLS 250
NROWS 250
XLLCORNER 2.0
YLLCORNER 3.0
CELLSIZE 1.0
NODATA_VALUE -9999
[rows 80 to 99 of 250, columns 0 to 43 of 250]
-9999.0 102.24595293144263 101.69483919491545 103.3106430932203 104.30161204545462 104.74107300000003 105.31856314814813 105.8960532962963 106.47354344444443 106.33012290909093 106.1652211111111 106.02264256410257 105.88006401709403 105.73748547008547 105.58632465909098 105.40750988636363 105.22869511363633 105.19767946280993 105.3144629338843 105.43124640495867 105.54802987603307 105.66481334710743 105.78159681818181 105.89838028925618 106.0151637603306 106.13194723140498 106.25930919354839 106.43508047945205 106.6711241780822 106.92948460526316 107.22008030701754 107.51067600877191 107.80127171052631 108.09186741228072 108.3824631140351 108.79169329646018 109.27436387168142 109.75703444690265 110.2397050221239 110.72237559734515 111.20504617256638 111.6877167477876 112.17038732300887 112.65305789823009
-9999.0 102.63202744680763 102.40024894067815 104.0160528389833 104.69460431818193 105.17350218518517 105.75099233333334 106.32848248148146 106.90597262962963 107.01330363636359 106.842821025641 106.70024247863246 106.55766393162395 106.4150853846154 106.27250683760677 106.10036715909092 105.92155238636366 105.89053673553718 106.0073202066116 106.12410367768595 106.24088714876034 106.3576706198347 106.4744540909091 106.59123756198348 106.70802103305776 106.84243532258064 106.97802500000002 107.21406869863011 107.45011239726027 107.6861560958904 107.95939434210526 108.24999004385967 108.54058574561405 108.83118144736842 109.12177714912282 109.50841028761063 109.99108086283186 110.47375143805309 110.95642201327433 111.43909258849557 111.92176316371683 112.40443373893805 112.88710431415929 113.36977488938054
-9999.0 103.01810196217487 103.10565868644096 104.72146258474656 105.08759659090906 105.6059313703704 106.1834215185185 106.76091166666666 107.33840181481482 107.69648436363643 107.52042094017095 107.3778423931624 107.23526384615384 107.09268529914529 106.95010675213673 106.79322443181809 106.61440965909087 106.58339400826445 106.70017747933883 106.81696095041322 106.93374442148759 107.05052789256199 107.16731136363636 107.28997177419355 107.4255614516129 107.56115112903227 107.75701321917808 107.9930569178082 108.22910061643836 108.46514431506849 108.70118801369863 108.9893040789474 109.27989978070175 109.57049548245617 109.86109118421054 110.22512727876106 110.7077978539823 111.19046842920356 111.6731390044248 112.15580957964603 112.63848015486727 113.12115073008847 113.60382130530975 114.08649188053094
-9999.0 103.40417647754185 103.81106843220313 105.21859401515181 105.48058886363654 106.03836055555556 106.61585070370371 107.19334085185186 107.770831 108.34832114814813 108.19802085470086 108.05544230769232 107.91286376068376 107.77028521367521 107.62770666666664 107.4851281196579 107.30726693181822 107.27625128099173 107.39303475206611 107.50981822314048 107.62660169421488 107.74338516528927 107.87309790322581 108.00868758064516 108.14427725806453 108.29995773972603 108.53600143835617 108.77204513698629 109.00808883561645 109.24413253424659 109.4801762328767 109.72861811403513 110.01921381578948 110.30980951754387 110.60040521929822 110.94184426991151 111.42451484513273 111.907185420354 112.38985599557523 112.87252657079648 113.35519714601772 113.83786772123895 114.32053829646013 114.70130836065573
-9999.0 103.79025099290931 104.51647817796628 105.61158628787874 105.8932995925927 106.47078974074076 107.04827988888889 107.62577003703703 108.20326018518517 108.78075033333333 108.87562076923076 108.73304222222224 108.59046367521368 108.44788512820513 108.30530658119659 108.16272803418802 108.00012420454547 107.96910855371901 108.0858920247934 108.2026754958678 108.32063435483873 108.45622403225805 108.59181370967741 108.72740338709674 108.80952503323353 109.03408111650485 109.31498965753426 109.55103335616438 109.78707705479452 110.02312075342465 110.2591644520548 110.49520815068495 110.75852785087717 111.04912355263158 111.33971925438597 111.65856126106195 112.1412318362832 112.62390241150445 113.10657298672567 113.58924356194689 114.07191413716814 114.55458471238933 114.91271021857929 115.14629065573772
-9999.0 104.17632550827506 105.22188792372884 106.0045785606061 106.32572877777777 106.90321892592594 107.48070907407407 108.05819922222223 108.63568937037036 109.2131795185185 109.34386585585587 109.36877117117118 109.26806358974359 109.12548504273504 108.9829064957265 108.84032794871794 108.69298147727277 108.66196582644626 108.77874929752066 108.90376048387098 109.0393501612903 109.142859 109.214287 109.285715 109.44217785714287 109.61566402912621 109.95938334951457 110.30310266990293 110.56606527397264 110.80210897260275 111.0381526712329 111.27419636986302 111.51024006849316 111.78843758771932 112.07903328947368 112.37527825221244 112.85794882743363 113.34061940265487 113.8232899778761 114.30596055309735 114.78863112831861 115.12411207650275 115.3576925136612 115.59127295081967
-9999.0 104.56240002364234 105.92729766949083 106.3975708333333 106.758157962963 107.33564811111111 107.91313825925927 108.49062840740741 109.06811855555557 109.40549847222222 109.43527225225223 109.46017756756757 109.48508288288288 109.5099881981982 109.53489351351352 109.51792786324785 109.37534931623931 109.35482309917354 109.47619300000002 109.54762099999999 109.619049 109.69047700000003 109.76190502883176 109.91836785714285 110.07483071428572 110.23129357142858 110.54096626213592 110.88468558252426 111.22840490291263 111.5721242233009 111.81714089041098 112.05318458904111 112.28922828767124 112.52775162280687 112.81834732456143 113.1089430263159 113.57466581858408 114.05733639380531 114.54000696902656 115.02267754424784 115.33551393442625 115.56909437158471 115.80267480874319 116.03625524590163
105.61363657212196 105.01690351695082 106.52856825757546 106.79056310606062 107.19058714814817 107.7680772962963 108.34556744444446 108.9230575925926 109.45252569444443 109.50177333333335 109.52667864864864 109.55158396396395 109.57648927927927 109.60139459459458 109.6262999099099 109.65120522522523 109.67611054054055 109.97697970588234 110.0982165 110.16964449999998 110.24107249999999 110.3125005 110.39455785714284 110.55102071428571 110.7074835714286 110.86394642857141 111.12254917475731 111.46626849514566 111.809987815534 112.15370713592233 112.49742645631069 112.83217280821931 113.06821650684932 113.30426020547947 113.55766135964917 113.84825706140353 114.29138280973451 114.77405338495574 115.256723960177 115.54691579234972 115.7804962295082 116.01407666666668 116.24765710382518 116.48123754098361
105.99971108746502 105.72231326271299 106.92156053030301 107.18355537878786 107.62301633333334 108.20050648148147 108.77799662962963 109.35548677777781 109.54880055555554 109.59317972972973 109.61808504504504 109.64299036036036 109.66789567567568 109.692800990991 109.71770630630631 109.74261162162162 109.97134774336283 110.30814421568628 110.64521911764704 110.8660735 110.93750150000001 111.00892950000001 111.08035750000003 111.18367357142859 111.34013642857145 111.49659928571427 111.70413208737865 112.04785140776698 112.39157072815536 112.73529004854372 113.07900936893205 113.4227286893204 113.76644800970875 114.08324842465753 114.31929212328771 114.58757109649127 115.00809980088496 115.49077037610628 115.75831765027323 115.99189808743171 116.22547852459019 116.45905896174864 116.6926393989071 116.92621983606556
106.38578560283597 106.4277230084746 107.31455280303031 107.5765476515152 108.05544551851852 108.63293566666665 109.21042581481481 109.59582777777779 109.64507541666667 109.6845861261261 109.70949144144143 109.73439675675674 109.75930207207209 109.78420738738738 109.8091127027027 109.96590853982299 110.30255508849558 110.6393087254902 110.97638362745099 111.31345852941175 111.63393049999992 111.70535849999997 111.77678650000001 111.84821450000001 111.97278928571428 112.12925214285715 112.28571499999998 112.62943432038833 112.97315364077672 113.31687296116506 113.66059228155339 114.00431160194175 114.34803092233011 114.69175024271847 115.03546956310682 115.3343240410959 115.72481679203544 115.96971950819673 116.2032999453552 116.43688038251366 116.67046081967213 116.9040412568306 117.13762169398908 117.37120213114754
106.77186011820184 107.1331327542377 107.70754507575758 107.96953992424248 108.48787470370371 109.06536485185184 109.642855 109.6921026388889 109.74135027777777 109.7759925225225 109.80089783783782 109.82580315315315 109.85070846846845 109.87561378378379 109.96046933628318 110.29711588495577 110.63376243362832 110.97047323529414 111.3075481372549 111.64462303921567 111.98169794117646 112.31877284313724 112.47321549999997 112.54464349999999 112.6160715 112.76190499999998 112.91836785714285 113.21101723300973 113.55473655339804 113.8984558737864 114.24217519417478 114.58589451456311 114.92961383495147 115.27333315533981 115.61705247572814 115.90333606557378 116.14366515151515 116.41470180327869 116.64828224043717 116.88186267759563 117.11544311475411 117.34902355191257 117.58260398907105 117.81618442622953
107.15793463357052 107.8385425 108.10053734848486 108.36253219696967 108.92030388888891 109.49779403703702 109.73912986111111 109.78837750000001 109.83762513888888 109.86739891891892 109.89230423423423 109.91720954954955 109.94211486486486 109.9670201801802 110.29167668141592 110.6283232300885 110.96496977876106 111.30163774509818 111.63871264705881 111.97578754901961 112.31286245098039 112.6499373529412 112.98701225490196 113.24107250000002 113.31250050000003 113.3945578571429 113.55102071428568 113.79260014563107 114.13631946601943 114.48003878640777 114.8237581067961 115.16747742718445 115.5111967475728 115.85491606796116 116.02632819672131 116.17859508196723 116.33435866666666 116.74731545454546 117.09326453551913 117.3268449726776 117.56042540983607 117.79400584699455 118.027586284153 118.26116672131147
107.54400914893729 108.2315347727272 108.49352962121212 108.77524292592594 109.35273307407408 109.78615708333332 109.83540472222222 109.8846523611111 109.9339 109.9588053153153 109.98371063063063 110.00861594594595 110.03352126126128 110.28623747787609 110.62288402654868 110.95953057522122 111.2961771238938 111.63282367256633 111.96987715686274 112.30695205882351 112.64402696078429 112.98110186274512 113.31817676470588 113.65525166666666 113.99232656862748 114.08035750000002 114.18367357142857 114.37418305825243 114.71790237864077 115.06162169902913 115.40534101941746 115.74906033980584 115.99705344262296 116.14932032786886 116.30158721311476 116.45385409836065 116.60786933333334 116.85519181818184 117.35096575757576 117.77182726775958 118.00540770491803 118.23898814207651 118.47256857923499 118.70614901639345
107.93008366430553 108.62452704545453 108.88652189393942 109.20767211111111 109.78516225925925 109.88243194444445 109.93167958333333 109.98092722222222 110.02530639639637 110.05021171171168 110.075117027027 110.10002234234236 110.28079827433623 110.61744482300884 110.95409137168141 111.29073792035396 111.62738446902655 111.96403101769909 112.30104166666665 112.63811656862745 112.97519147058821 113.31226637254903 113.64934127450981 113.98641617647058 114.32349107843137 114.66056598039218 114.8482145 114.97278928571428 115.29948529126216 115.64320461165049 115.96777868852462 116.1200455737705 116.2723124590164 116.4245793442623 116.5768462295082 116.7291131147541 116.88138000000001 117.04588533333332 117.45884212121211 117.95461606060609 118.45039000000001 118.68397043715848 118.91755087431694 119.1511313114754
108.33896783897869 109.01751931818183 109.27951416666667 109.64010129629631 109.92945916666666 109.97870680555553 110.02795444444445 110.07720208333335 110.11671279279281 110.14161810810812 110.16652342342341 110.27535907079638 110.61200561946902 110.94865216814158 111.28529871681415 111.62194526548672 111.95859181415928 112.29523836283185 112.63220617647059 112.96928107843135 113.30635598039214 113.64343088235294 113.98050578431373 114.31758068627451 114.6546555882353 114.99173049019606 115.32880539215684 115.61607150000003 115.8810682038835 116.09077081967214 116.24303770491804 116.39530459016393 116.54757147540984 116.69983836065573 116.85210524590165 117.00437213114755 117.15663901639346 117.31939599999998 117.5667184848485 118.06249242424242 118.55826636363635 119.0540403030303 119.36253316939893 119.59611360655738
109.04437758474535 109.41051159090908 109.67250643939394 109.9764863888889 110.0257340277778 110.07498166666666 110.12422930555556 110.17347694444445 110.20811918918919 110.2330245045045 110.26991986725642 110.6065664159292 110.94321296460177 111.27985951327435 111.61650606194688 111.95315261061945 112.28979915929202 112.62644570796459 112.96337068627449 113.30044558823529 113.63752049019608 113.97459539215686 114.31167029411765 114.64874519607844 114.98582009803921 115.322895 115.65996990196078 115.9970448039216 116.2142857142857 116.36602983606558 116.51829672131149 116.67056360655738 116.82283049180329 116.9750973770492 117.12736426229509 117.279631147541 117.43189803278689 117.59290666666666 117.75741200000004 118.17036878787879 118.6661427272727 119.16191666666666 119.6576906060606 120.04109590163935
109.54150901515152 109.80350386363635 110.01455225 110.07276125 110.12200888888887 110.17125652777777 110.22050416666667 110.26975180555556 110.29952558558557 110.3244309009009 110.60112721238939 110.93777376106193 111.27442030973452 111.61106685840707 111.94771340707963 112.28435995575222 112.62100650442478 112.95765305309733 113.29453519607843 113.6316100980392 113.96868499999998 114.30575990196078 114.64283480392156 114.97990970588233 115.31698460784314 115.65405950980393 115.9911344117647 116.41604479166668 116.49999999999999 116.64285714285715 116.7935557377049 116.94582262295081 117.09808950819672 117.25035639344263 117.40262327868854 117.55489016393442 117.70715704918031 117.86641733333336 118.03092266666665 118.27824515151514 118.77401909090909 119.26979303030302 119.76556696969696 120.26134090909089
109.9345012878788 110.04365674999998 110.10186574999999 110.16007474999999 110.21828375 110.26753138888888 110.31677902777777 110.36602666666666 110.39093198198199 110.59568800884954 110.93233455752213 111.26898110619467 111.60562765486725 111.94227420353981 112.27892075221239 112.61556730088496 112.95221384955754 113.28886039823009 113.62569970588235 113.96277460784314 114.2998495098039 114.63692441176471 114.9739993137255 115.31107421568628 115.64814911764705 115.98522401960784 116.37500020833336 116.77718547619045 116.78571428571428 116.92857142857143 117.07142857142856 117.22108163934428 117.37334852459017 117.52561540983608 117.67788229508197 117.83014918032787 117.98241606557377 118.139928 118.30443333333334 118.46893866666667 118.88189545454543 119.37766939393941 119.87344333333334 120.36921727272728
110.0 110.11641799999998 110.18917925000001 110.24738824999999 110.30559725 110.36380625 110.41305388888888 110.45743306306306 110.59024880530971 110.92689535398229 111.26354190265486 111.60018845132744 111.93683499999999 112.27348154867255 112.61012809734511 112.9467746460177 113.28342119469026 113.62006774336282 113.95686421568625 114.29393911764707 114.63101401960786 114.96808892156862 115.30516382352941 115.64223872549019 115.97931362745098 116.33395562499997 116.81156729166663 117.06289976190479 117.07142857142858 117.21428571428572 117.35714285714286 117.5 117.64860754098362 117.8008744262295 117.95314131147542 118.1054081967213 118.25767508196722 118.41343866666669 118.57794399999999 118.74244933333333 118.98977181818181 119.48554575757575 119.9813196969697 120.47709363636366
109.99999999999997 110.0 110.11641800000001 110.23283599999999 110.349254 110.45111974999999 110.50932875 110.5848096017699 110.92145615044247 111.25810269911504 111.5947492477876 111.93139579646017 112.26804234513274 112.60468889380529 112.94133544247786 113.27798199115043 113.614628539823 113.95127508849556 114.2880287254902 114.62510362745098 114.96217852941176 115.29925343137252 115.63632833333331 115.97340323529411 116.3104781372549 116.77052270833333 117.248134375 117.34861404761904 117.35714285714286 117.5 117.64285714285714 117.78571428571428 117.92857142857142 118.07613344262296 118.22840032786885 118.38066721311473 118.53293409836066 118.68694933333333 118.85145466666665 119.01596 119.18046533333334 119.59342212121213 120.08919606060608 120.58497
