tin.asc
NCOLS 250
NROWS 250
XLLCORNER 2.0
YLLCORNER 3.0
CELLSIZE 1.0
NODATA_VALUE -9999
[rows 0 to 19 of 250, columns 44 to 87 of 250]
68.28582286821482 68.43414360465229 68.58246434108622 68.7307850775187 68.879105813954 69.02742655038767 69.17574728682173 69.32406802325592 69.47238875968986 69.620709496124 69.76903023255818 69.91735096899228 70.06567170542634 70.50000000000001 70.21153846153847 70.50775859999996 70.81251833333337 70.93648666666665 71.06045499999998 71.18442333333327 71.3083916666666 71.43235999999983 71.55632833333307 71.6802966666668 71.80426499999959 71.92823333333332 72.05220166666697 72.17616999999926 72.30013833333292 72.4241066666662 72.54807500000004 73.09166500000687 73.63525500000502 74.17884500000855 74.72243499999983 75.26602500000146 75.8096149999943 76.35320500002003 76.58354591838166 76.50063775508976 76.41772959183996 76.33482142857527 76.25191326530452 76.1690051020375
66.36212848837211 66.51044922480624 66.6587699612403 66.80709069767444 66.95541143410856 67.10373217054267 67.25205290697676 67.40037364341082 67.54869437984492 67.69701511627903 67.84533585271318 68.37500000000001 69.0 69.56249999999991 69.00000000000001 68.13461538461539 68.17270113333329 68.59798846666659 69.02327580000005 69.4485631333332 69.8135866666667 69.937555 70.06152333333335 70.18549166666668 70.30946 70.43342833333337 70.55739666666668 70.68136499999999 70.80533333333328 70.92930166666665 71.05327000000007 71.17723833333332 71.30120666666669 71.42517499999991 71.5491433333333 71.67311166666656 71.79708000000002 71.92104833333337 72.04501666666665 72.168985 72.29295333333334 72.41692166666664 72.54088999999992 72.6648583333333
64.43843410852712 64.58675484496125 64.73507558139534 64.88339631782945 65.03171705426358 65.18003779069768 65.32835852713178 65.47667926356588 65.625 66.25 66.87500000000001 67.5 68.125 68.43749999999999 67.78846153846153 66.92307692307692 66.0576923076923 65.83764366666666 66.262931 66.68821833333334 67.11350566666663 67.53879300000003 67.96408033333321 68.38936766666666 68.81465499999999 68.93862333333335 69.0625916666667 69.18655999999996 69.31052833333337 69.43449666666666 69.55846499999998 69.68243333333331 69.80640166666664 69.93037000000002 70.0543383333333 70.17830666666663 70.302275 70.42624333333333 70.55021166666667 70.67417999999998 70.79814833333336 70.92211666666667 71.04608499999999 71.93254785714286
62.51473972868218 62.663060465116295 62.81138120155039 62.95970193798449 63.1080226744186 63.256343410852715 63.5 64.125 64.75 65.37499999999999 66.0 66.62499999999999 67.25000000000004 67.3125 66.57692307692308 65.71153846153847 64.84615384615384 63.98076923076923 63.502586199999996 63.92787353333333 64.35316086666664 64.77844820000001 65.20373553333333 65.62902286666666 66.05431020000005 66.47959753333333 66.90488486666658 67.3301721999999 67.7554595333333 67.93969166666672 68.06366 68.18762833333336 68.31159666666669 68.43556500000001 68.55953333333333 68.68350166666666 68.80746999999998 68.93143833333333 69.05540666666667 69.179375 70.06583785714288 70.9523007142857 71.83876357142857 72.72522642857143
60.69909797297297 60.739366085271406 60.88768682170542 61.036007558139524 61.37500000000001 62.00000000000001 62.625 63.24999999999999 63.875 64.5 65.125 65.75 66.18749999999999 66.18749999999993 65.36538461538461 64.5 63.63461538461539 62.76923076923078 61.903846153846146 61.16752873333333 61.59281606666668 62.01810339999998 62.443390733333345 62.86867806666665 63.29396539999999 63.719252733333356 64.14454006666666 64.56982740000001 64.99511473333335 65.42040206666665 65.84568939999993 66.27097673333326 66.69626406666656 66.94076 67.06472833333333 67.18869666666666 67.312665 68.19912785714287 69.08559071428569 69.97205357142859 70.85851642857143 71.74497928571428 72.63144214285714 73.517905
60.0 60.00000000000001 60.0 60.0 60.5 61.12499999999999 61.75 62.375 63.0 63.625 64.25 64.87499999999999 65.06249999999999 65.01923076923073 64.15384615384615 63.28846153846154 62.42307692307693 61.55769230769231 60.69230769230769 60.0 60.36821722222223 60.81295125 61.238238583333334 61.66352591666666 62.088813249999994 62.514100583333345 62.93938791666668 63.364675250000005 63.78996258333335 64.21524991666668 64.64053725000001 65.06582458333334 65.49111191666667 65.91639925 66.34168658333334 67.17856120689653 68.07308796551722 68.96761472413793 69.86214148275864 70.75666824137929 71.65119499999999 72.53765785714286 73.4241207142857 74.31058357142857
60.05555533333334 60.2179126875 60.12380956666667 60.0 60.00000000000001 60.25 60.875 61.5 62.125 62.74999999999999 63.375 63.93750000000004 63.937499999999986 63.80769230769231 62.9423076923077 62.076923076923066 61.211538461538474 60.34615384615385 59.99999999999999 60.0 60.36821722222223 61.10465166666667 61.58827908333333 62.01356641666667 62.43885375000001 62.864141083333344 63.28942841666666 63.71471575 64.14000308333333 64.56529041666667 64.99057775 65.41586508333334 65.84115241666666 66.26643975 66.98822380769231 67.88194174675327 68.77706362068965 69.67159037931035 70.56611713793103 71.46064389655173 72.35517065517243 73.24969741379311 74.14422417241379 75.03875093103447
60.6537380625 60.61080694583334 60.56787582916666 60.371428699999996 60.12380956666666 60.00000000000001 60.0 60.625 61.25 61.875 62.5 62.81249999999999 62.81249999999999 62.59615384615385 61.73076923076923 60.86538461538461 60.0 60.0 60.0 59.99999999999999 60.36821722222223 61.10465166666667 61.84108611111111 62.36360691666666 62.78889425 63.214181583333335 63.63946891666667 64.06475624999999 64.49004358333333 64.91533091666668 65.34061824999999 65.76590558333332 66.19119291666667 66.79917428571427 67.69033015384616 68.5850933961039 69.4809019415585 70.37556603448277 71.27009279310344 72.16461955172413 73.05914631034484 73.95367306896551 74.84819982758621 75.7427265862069
61.04663232083334 61.00370120416667 60.9607700875 60.86666696666668 60.61904783333334 60.3714287 60.12380956666667 60.0 60.375 61.0 61.62499999999999 61.6875 61.68749999999999 61.38461538461538 60.51923076923076 60.0 59.99999999999999 60.0 60.0 60.0 60.36821722222222 61.10465166666667 61.84108611111111 62.57752055555555 63.13893475 63.56422208333333 63.98950941666667 64.41479675000001 64.84008408333332 65.26537141666667 65.69065875 66.11594608333333 66.60213142857138 67.50394507692307 68.3924365 69.28824504545454 70.18405359090909 71.0795416896552 71.97406844827586 72.86859520689656 73.76312196551724 74.65764872413794 75.55217548275863 76.44670224137931
61.43952657916666 61.3965954625 61.35366434583333 61.31073322916668 61.1142861 60.86666696666666 60.61904783333333 60.3714287 60.12380956666667 60.125 60.5625 60.5625 60.5625 60.17307692307692 60.0 60.00000000000001 60.0 60.0 60.0 60.0 60.36821722222223 61.10465166666667 61.84108611111111 62.57752055555555 63.31395500000001 63.91426258333334 64.33954991666667 64.76483725 65.19012458333333 65.61541191666667 66.04069924999999 66.46598658333335 67.31756000000001 68.20605142307691 69.09558814935068 69.99139669480519 70.88720524025973 71.78301378571427 72.67804410344827 73.57257086206896 74.46709762068964 75.36162437931034 76.25615113793103 77.15067789655173
61.8324208375 61.78948972083334 61.746558604166665 61.7036274875 61.60952436666666 61.36190523333334 61.11428610000001 60.86666696666666 60.61904783333333 60.371428699999996 60.30952391666667 60.309523916666656 60.30952391666667 60.12032082352942 60.0 60.0 60.0 60.0 60.0 60.0 60.36821722222222 61.10465166666666 61.84108611111112 62.57752055555556 63.313955 64.05038944444445 64.68959041666666 65.11487774999999 65.54016508333333 65.96545241666666 66.39073975000001 67.12051714285715 68.01966634615383 68.90815776923077 69.7987397987013 70.69454834415583 71.59035688961039 72.48616543506493 73.38197398051946 74.27654651724137 75.17107327586206 76.06560003448276 76.96012679310343 77.85465355172413
62.22531509583334 62.18238397916667 62.1394528625 62.09652174583333 62.05359062916667 61.85714349999999 61.60952436666667 61.36190523333333 61.114286099999994 60.92857174999999 60.928571749999996 60.92857175 60.736171398148144 60.5437710462963 60.360962470588234 60.200534705882355 60.04010694117647 60.00000000000001 60.0 60.0 60.36821722222223 61.10465166666667 61.84108611111111 62.577520555555566 63.313955 64.05038944444445 64.78682388888889 65.46491825000001 65.89020558333334 66.31549291666666 66.92347428571429 67.83328126923077 68.72177269230768 69.61026411538461 70.50189144805196 71.39769999350648 72.29350853896105 73.18931708441559 74.08512562987013 74.9805221724138 75.87504893103448 76.76957568965518 77.66410244827584 78.55862920689654
62.61820935416666 62.5752782375 62.53234712083332 62.48941600416667 62.4464848875 62.35238176666665 62.10476263333333 61.85714349999999 61.60952436666666 61.54761958333332 61.547619579833615 61.35521923148148 61.162818879629626 60.970418527777774 60.778018175925915 60.60160411764705 60.44117635294119 60.280748588235305 60.227272666666664 60.22727271997589 60.73673519512196 61.38104014634147 62.025345097560965 62.669650048780476 63.313955 64.05038944444445 64.78682388888889 65.52325833333333 66.24024608333332 66.72643142857144 67.63890285714287 68.53538761538461 69.42387903846154 70.31237046153846 71.20504309740261 72.10085164285715 72.9966601883117 73.89246873376624 74.78827727922078 75.68408582467532 76.5790245862069 77.47355134482758 78.36807810344827 79.26260486206895
63.0111036125 62.96817249583332 62.92524137916667 62.8823102625 62.83937914583333 62.79644802916667 62.600000900000005 62.35238176666667 62.166667416666655 62.16666740139149 61.97426706481481 61.781866712962966 61.5894663611111 61.39706600925926 61.204665657407396 61.01226530555556 60.84224576470587 60.681818 60.68181800000001 61.0227275 61.565900634146345 62.210205585365856 62.85451053658538 63.498815487804876 64.14312043902439 64.78742539024391 65.43173034146342 66.07603529268292 66.72891966666668 67.44186 68.34900253846155 69.23749396153845 70.12598538461538 71.0144768076923 71.90819474675324 72.8040032922078 73.69981183766232 74.59562038311688 75.49142892857144 76.38723747402598 77.28300024137931 78.177527 79.07205375862068 79.96658051724135
63.40399787083334 63.361066754166664 63.318135637500006 63.275204520833334 63.23227340416667 63.1893422875 63.09523916666667 62.847620033333335 62.78571525 62.59331489814814 62.40091454629629 62.20851419444443 62.01611384259259 61.82371349074074 61.63131313888889 61.43891278703704 61.24651243518519 61.13636337928958 61.47727283333334 61.81818233333334 62.39506607317073 63.039371024390256 63.683675975609766 64.32798092682927 64.97228587804878 65.61659082926829 66.2608957804878 66.930939 67.64387933333335 68.31503657009345 69.05110888461539 69.93960030769232 70.82809173076924 71.71658315384613 72.61134639610388 73.50715494155844 74.402963487013 75.29877203246754 76.19458057792207 77.09038912337664 77.98619766883115 78.88150265517244 79.7760294137931 80.6705561724138
64.01859970833334 63.907450875000016 63.7963020416667 63.68515320833341 63.62516766249999 63.58223654583333 63.53930542916666 63.40476308333333 63.21236273148148 63.01996237962964 62.82756202777778 62.635161675925914 62.46920861290326 62.329702838709686 62.19019706451611 62.05069129032258 61.91118551612903 61.93181816666667 62.27272766666666 62.61363716666666 63.22423151219513 63.86853646341463 64.51284141463415 65.15714636585366 65.80145131707317 66.44575626829267 67.13295833333333 67.84589866666666 68.43348971028037 69.00018920560747 69.77447537209301 70.64170665384616 71.53019807692307 72.4186895 73.31449804545456 74.21030659090908 75.10611513636363 76.00192368181817 76.89773222727273 77.79354077272727 78.68934931818183 79.58515786363634 80.48000506896553 81.3745318275862
64.85490912499999 64.74376029166666 64.63261145833333 64.521462625 64.41031379166665 64.29916495833332 64.188016125 64.08753962152778 63.98282496774193 63.84331919354839 63.70381341935485 63.56430764516129 63.42480187096774 63.285296096774196 63.145790322580645 63.00628454838711 62.86677877419355 62.727273 63.06818249999999 63.409091999999994 64.05339695121951 64.69770190243902 65.34200685365853 65.98631180487806 66.63061675609765 67.33497766666666 67.98524335514016 68.55194285046728 69.11864234579438 69.68534184112153 70.50847193023256 71.343813 72.23230442307693 73.12184114935064 74.01764969480519 74.91345824025973 75.80926678571429 76.70507533116883 77.60088387662337 78.49669242207793 79.39250096753244 80.28830951298701 81.18398072413788 82.07850748275861
65.69121854166667 65.58006970833333 65.468920875 65.35777204166668 65.24662320833333 65.135474375 65.02432554166667 64.92384903819445 64.83404486458333 64.74424069097223 64.65443651736109 64.51990090322582 64.38039512903227 64.2408893548387 64.10138358064518 63.96187780645161 63.822372032258066 63.68286625806452 63.86363733333334 64.2382574390244 64.88256239024392 65.5268673414634 66.17117229268294 66.82405666666658 67.536997 68.1036964953271 68.6703959906542 69.2370954859813 69.80379498130841 70.40712741860469 71.2424684883721 72.07780955813953 72.93441076923077 73.8249927987013 74.72080134415584 75.61660988961037 76.51241843506494 77.40822698051947 78.30403552597402 79.19984407142856 80.09565261688311 80.99146116233766 81.88726970779223 82.78248313793101
66.52752795833334 66.41637912499999 66.30523029166666 66.19408145833334 66.082932625 65.97178379166667 65.86063495833335 65.76015845486111 65.67035428125 65.5805501076389 65.49074593402777 65.40094176041667 65.31113758680556 65.19648261290324 65.05697683870967 64.91747106451612 64.77796529032258 64.63845951612903 64.65909216666667 65.06742287804877 65.71172782926828 66.35603278048782 67.02607600000002 67.6554501401869 68.22214963551401 68.78884913084111 69.35554862616823 69.92224812149534 70.48894761682243 71.1411239767442 71.97646504651162 72.81180611627907 73.64714718604652 74.52814444805196 75.42395299350649 76.31976153896103 77.21557008441557 78.11137862987013 79.00718717532467 79.90299572077922 80.79880426623376 81.6946128116883 82.59042135714287 83.48622990259742
67.36383737499999 67.25268854166666 67.14153970833334 67.03039087500001 66.91924204166665 66.80809320833333 66.696944375 66.59646787152778 66.50666369791666 66.41685952430555 66.32705535069445 66.23725117708334 66.14744700347222 66.05764282986111 65.96783865625 65.87306432258066 65.73355854838711 65.59405277419356 65.454547 65.89658831707317 66.54089326829269 67.20720378504673 67.77390328037383 68.34060277570093 68.90730227102803 69.47400176635514 70.04070126168223 70.60740075700934 71.17410025233646 71.8751205348837 72.71046160465116 73.5458026744186 74.38114374418606 75.28914857792208 76.18495712337662 77.08076566883116 77.97657421428572 78.87238275974025 79.7681913051948 80.66399985064935 81.55980839610389 82.45561694155845 83.35142548701297 84.24723403246753
