tin.asc
NCOLS 250
NROWS 250
XLLCORNER 2.0
YLLCORNER 3.0
CELLSIZE 1.0
NODATA_VALUE -9999
[rows 120 to 139 of 250, columns 176 to 219 of 250]
98.66264218749998 97.750284375 96.8379265625 95.91998801369863 94.98949280821918 94.05899760273972 93.11722370967742 92.16417112903217 91.25744083333333 90.3531485526316 89.26110231481482 88.12572824074073 86.99035416666665 85.8549800925926 84.71960601851849 83.59899726744186 82.48331029069769 81.31527585 80.28101695 79.23420987142858 78.1748546142857 77.11549935714285 76.05614410000001 74.99678884285714 73.9569515764706 72.97566828235294 71.9943849882353 70.99999999999999 70.0 68.99999999999999 68.0 66.99999999999999 66.03316322448978 65.07738085714286 64.12907608695652 63.14130434782607 62.20652173913044 61.27173913043478 60.33695652173915 59.545918571428565 58.79081678571428 58.035715 57.35389659999999 56.672078199999994
98.97556875000001 98.0632109375 97.15085312500003 96.22314828767124 95.2926530821918 94.36215787671232 93.43166267123289 92.4974079032258 91.57604951754386 90.45511805555559 89.3246657558139 88.20897877906977 87.09329180232555 85.9776048255814 84.8619178488372 83.74623087209301 82.63054389534885 81.39316065384615 80.24212754999999 79.20786865 78.17360975 77.13935085000001 76.10509194999999 75.05828487142855 73.99892961428571 72.99812832941177 72.00000000000001 71.01105440816328 70.05527204081633 69.09948967346939 68.14370730612245 67.18792493877551 66.23214257142858 65.28744340540541 64.39266304347825 63.38722826086956 62.38179347826087 61.376358695652186 60.423913043478265 59.596938928571426 58.89069273333334 58.20887433333333 57.52705593333334 56.84523753333333
99.2884953125 98.3761375 97.45680376712329 96.52630856164384 95.5958133561644 94.66531815068493 93.7348229452055 92.81191643835618 91.7502248201439 90.58758633720922 89.4718993604651 88.35621238372092 87.24052540697674 86.12483843023254 85.00915145348836 83.8934644767442 82.7777775 81.5099701923077 80.24216288461538 79.16897924999999 78.13472035000001 77.10046145000003 76.09523714285714 75.11904742857143 74.13301315384616 73.12159848979591 72.16581612244899 71.21003375510205 70.2542513877551 69.29846902040816 68.34268665306121 67.38690428571428 66.43112191836734 65.52336675675677 64.65625 63.650815217391305 62.64538043478261 61.639945652173914 60.63451086956522 59.88172462222223 59.19990622222223 58.518087822222235 57.83626942222223 57.154451022222226
99.601421875 98.6890640625001 97.75996404109587 96.82946883561644 95.898973630137 94.96847842465755 94.06074931506839 93.16883992805757 92.02225719424459 90.87567446043164 89.72511578124985 88.53877359374994 87.38775901162789 86.27207203488373 85.15638505813953 84.04069808139533 82.89458703846151 81.62677973076923 80.4074058 79.333332 78.35714228571429 77.38095257142857 76.40476285714286 75.39903946153846 74.36378238461539 73.32852530769233 72.36479546938776 71.4090131020408 70.45323073469388 69.49744836734695 68.541666 67.58588363265306 66.63010126530611 65.7592901081081 64.89217335135136 63.91440217391305 62.90896739130435 61.90353260869565 60.92159445783131 60.292105783132534 59.64517386666667 58.96335546666667 58.28153706666667 57.59971866666667
99.9143484375 98.99361952054798 98.06312431506849 97.13262910958905 96.20213390410959 95.30958219178085 94.53086095890414 93.44087230215828 92.29428956834533 91.14770683453237 90.00112410071941 88.85454136690649 87.68807890624996 86.50173671874998 85.31539453124998 84.18793168604653 83.01139657692309 81.88888940000001 80.8148156 79.74074180000001 78.666668 77.69047828571429 76.66506576923076 75.62980869230769 74.59455161538462 73.55929453846156 72.56377481632651 71.60799244897959 70.65221008163266 69.6964277142857 68.74064534693876 67.78486297959184 66.86233021621622 65.99521345945945 65.12809670270272 64.17798913043478 63.17255434782608 62.16711956521739 61.32616120481927 60.69667253012048 60.06718385542169 59.40862311111111 58.72680471111111 58.04498631111112
100.22727499999999 99.29677979452055 98.36628458904107 97.43578938356163 96.55841506849319 95.77969383561644 94.85948741007194 93.71290467625899 92.56632194244604 91.41973920863308 90.27315647482015 89.12657374100719 87.97999100719426 86.83340827338135 85.65104203125001 84.46469984375 83.33449184999999 82.26041805 81.18634425 80.11227045000001 79.02778021052632 77.93553046913581 76.895835 75.86057792307693 74.82532084615384 73.79006376923077 72.76275416326534 71.80697179591837 70.85118942857142 69.89540706122449 68.93962469387755 67.98384232653062 67.09825356756757 66.23113681081081 65.36402005405405 64.44157608695652 63.43614130434783 62.43070652173913 61.73072795180723 61.10123927710843 60.471750602409635 59.84226192771081 59.17207235555556 58.490253955555566
100.5304352739726 99.59994006849315 98.66944486301368 97.8072479452055 97.02852671232876 96.2498054794522 95.13151978417265 93.98493705035973 92.83835431654676 91.69177158273381 90.54518884892087 89.39860611510791 88.25202338129496 87.10544064748201 85.95885791366909 84.80034734375 83.67013934999999 82.59259340350877 81.50463101754386 80.41666863157894 79.32870624561403 78.23731397530867 77.1399194074074 76.09134715384614 75.05609007692307 74.020833 72.98557592307694 72.00595114285714 71.0501687755102 70.09438640816326 69.13860404081632 68.20129367567567 67.33417691891891 66.46706016216217 65.5999434054054 64.70516304347825 63.69972826086956 62.76478337349397 62.135294698795185 61.50580602409638 60.87631734939759 60.24682867469879 59.617339999999984 58.935521599999994
100.83359554794521 99.90310034246573 99.05608082191783 98.27735958904107 97.49863835616439 96.55013489208635 95.40355215827338 94.25696942446045 93.11038669064747 91.96380395683452 90.81722122302159 89.67063848920864 88.5240557553957 87.37747302158273 86.23089028776978 85.10185185185186 83.9814818245614 82.8935194385965 81.8055570526316 80.71759466666666 79.62963228070176 78.53909748148148 77.44170291358026 76.34430834567902 75.28685930769231 74.25160223076924 73.21634515384615 72.2049304897959 71.24914812244899 70.29336575510204 69.33758338775509 68.43721702702703 67.57010027027026 66.70298351351353 65.83586675675676 64.96875 63.963315217391305 63.16935012048194 62.53986144578313 61.91037277108433 61.280884096385535 60.65139542168675 60.02190674698795 59.38078924444447
101.13675582191776 100.30491369863013 99.52619246575345 98.7474712328767 97.96875 96.82216726618702 95.67558453237412 94.52900179856115 93.3824190647482 92.23583633093524 91.08925359712231 89.94267086330933 88.7960881294964 87.66203703703704 86.55555555555554 85.44907407407408 84.31713 83.19444547368421 82.1064830877193 81.01852070175438 79.93055831578947 78.84088098765432 77.74348641975308 76.64609185185185 75.54869728395062 74.48237146153848 73.44711438461539 72.41185730769226 71.44812746938776 70.49234510204082 69.54025713513515 68.67314037837836 67.80602362162163 66.93890686486488 66.07179010810809 65.20467335135136 64.22690217391305 63.57391686746988 62.944428192771085 62.314939518072286 61.685450843373495 61.05596216867469 60.42647349397591 59.796984819277114
101.55374657534246 100.77502534246575 99.99630410958903 99.2175828767123 98.24078237410073 97.09419964028778 95.94761690647482 94.80103417266187 93.65445143884891 92.50786870503596 91.36128597122303 90.22222222222226 89.11574074074073 88.00925925925925 86.90277777777779 85.79629629629632 84.66435222222223 83.50694555555556 82.40740912280702 81.31944673684211 80.2314843508772 79.14266449382718 78.04526992592594 76.9478753580247 75.85048079012346 74.75308622222222 73.67788361538462 72.64262653846156 71.64710681632651 70.6913244489796 69.77618048648648 68.90906372972972 68.04194697297297 67.17483021621621 66.30771345945946 65.4405967027027 64.60797228915662 63.97848361445783 63.34899493975904 62.71950626506025 62.09001759036144 61.46052891566264 60.831040240963866 60.20155156626507
102.0238582191781 101.24513698630136 100.46641575342466 99.65939748201426 98.51281474820144 97.36623201438849 96.21964928057554 95.0730665467626 93.92648381294964 92.78240740740783 91.67592592592591 90.56944444444444 89.46296296296296 88.35648148148148 87.25000000000001 86.14351851851852 85.01157444444443 83.85416777777777 82.70833515789471 81.62037277192981 80.53241038596491 79.444448 78.34705343209876 77.24965886419753 76.1522642962963 75.05486972839506 73.95747516049383 72.87339576923075 71.84608616326528 70.89030379591836 70.01210383783784 69.14498708108108 68.27787032432433 67.41075356756757 66.56186788888883 65.8223483 65.14860543478262 64.4888797826087 63.82915413043477 63.16942847826087 62.509702826086986 61.86509566265059 61.235606987951805 60.606118313253006
102.4939698630137 101.715248630137 100.93652739726028 99.93142985611509 98.78484712230214 97.63826438848922 96.49168165467624 95.34509892086355 94.2361111111111 93.12962962962963 92.02314814814814 90.91666666666667 89.8101851851852 88.7037037037037 87.5972222222222 86.49074074074075 85.35879666666666 84.20139 83.04398333333332 81.92129880701756 80.83333642105264 79.7453740350877 78.6488369382716 77.55144237037037 76.45404780246915 75.3566532345679 74.25925866666667 73.16186409876543 72.06890792307692 71.11514394594593 70.2480271891892 69.43560366666667 68.6414112222222 67.90189163333332 67.21704489999999 66.53667304166667 65.86435595833333 65.19581630434783 64.53609065217391 63.87636500000001 63.21663934782608 62.55691369565217 61.89718804347825 61.23746239130434
102.96408150684931 102.18536027397259 101.35004496402877 100.20346223021583 99.05687949640287 97.91029676259001 96.79629629629633 95.68981481481482 94.58333333333333 93.47685185185186 92.37037037037038 91.2638888888889 90.15740740740739 89.05092592592592 87.94444444444446 86.83796296296298 85.70601888888888 84.54861222222223 83.39120555555556 82.23379888888891 81.13426245614036 80.04630007017542 78.95062044444445 77.8532258765432 76.75583130864197 75.65843674074074 74.5610421728395 73.46364760493827 72.43686636363637 71.51514700000001 70.72095455555555 69.98143496666667 69.29658823333331 68.61174150000001 67.92689476666666 67.25368270833334 66.581365625 65.90904854166666 65.24302717391306 64.58330152173914 63.92357586956523 63.263850217391294 62.60412456521739 61.944398913043486
103.43419315068495 102.65547191780823 101.62207733812951 100.4754946043166 99.35648148148147 98.25 97.14351851851855 96.03703703703702 94.93055555555556 93.82407407407408 92.7175925925926 91.6111111111111 90.50462962962963 89.39814814814815 88.29166666666666 87.18518518518519 86.0532411111111 84.89583444444446 83.73842777777779 82.58102111111111 81.43518849122805 80.34722610526316 79.25240395061728 78.15500938271606 77.05761481481481 75.9602202469136 74.88636345454546 73.9772710909091 73.05784754545452 72.14727597058823 71.37613156666667 70.69128483333333 70.00643810000001 69.32159136666667 68.64300945833334 67.970692375 67.29837529166667 66.62605820833333 65.953741125 65.29023804347825 64.63051239130435 63.97078673913044 63.33640395238095 62.778049761904754
103.90430479452054 103.04069244604315 101.91666666666663 100.81018518518518 99.70370370370368 98.59722222222221 97.49074074074073 96.38425925925924 95.27777777777776 94.1712962962963 93.06481481481481 91.95833333333334 90.85185185185185 89.74537037037035 88.6388888888889 87.5324074074074 86.40046333333332 85.24305666666666 84.08565000000002 82.92824333333331 81.77083666666664 80.64815214035087 79.55418745679013 78.4567928888889 77.35939832098765 76.42676818181819 75.51767581818184 74.60054809090909 73.7145679117647 72.91465761764707 72.1147473235294 71.4011347 70.71628796666667 70.03233620833333 69.360019125 68.68770204166667 68.01538495833333 67.34306787499999 66.67075079166666 65.99843370833334 65.33744891304349 64.75375185714284 64.1953976666667 63.637043476190435
104.37783958333337 103.53935913043478 102.42854260869564 101.29461884057969 100.1606950724638 99.02677130434785 97.89284753623186 96.75892376811598 95.625 94.51851851851849 93.41203703703705 92.30555555555554 91.19907407407408 90.09259259259258 88.9861111111111 87.87962962962965 86.74768555555555 85.59027888888889 84.43287222222222 83.27546555555556 82.1180588888889 80.96065222222221 79.85597096296296 78.87626527272728 77.96717290909092 77.05808054545454 76.14324863636362 75.28185985294117 74.48194955882354 73.68203926470588 72.88212897058825 72.11098456666667 71.42613783333334 70.749345875 70.07702879166666 69.40471170833334 68.732394625 68.06007754166667 67.42935529687496 66.840227890625 66.25283102639298 65.68289037837836 65.13388882882883 64.58488727927927
104.92378000000001 104.02092869565217 103.11807739130434 102.05347536231884 100.91955159420289 99.78562782608697 98.651704057971 97.5177802898551 96.38385652173912 95.24993275362321 94.11600898550724 92.98208521739133 91.84816144927537 90.7142376811594 89.58031391304348 88.39912276315789 87.21238458333333 86.05497791666667 84.89757125 83.74016458333334 82.58275791666668 81.42535125 80.41667000000001 79.50757763636364 78.59848527272726 77.68594918181816 76.84915179411765 76.04924150000001 75.24933120588236 74.4494209117647 73.64951061764705 72.84960032352942 72.138672625 71.46635554166669 70.83563329687499 70.246505890625 69.657378484375 69.068251078125 68.47912367187499 67.91065777126101 67.31379542521995 66.71693307917887 66.12007073313777 65.55611268468468
105.40534956521739 104.50249826086956 103.59964695652174 102.69679565217392 101.67840811594202 100.54448434782609 99.41056057971015 98.2766368115942 97.14271304347828 96.00878927536232 94.87486550724638 93.74094173913043 92.60701797101457 91.40691986842106 90.19736828947369 88.98781671052633 87.79456041666666 86.63715374999998 85.47974708333334 84.32234041666668 83.16493375 82.08761 81.11325000000001 80.13888999999999 79.22864972727277 78.4164437352941 77.61653344117644 76.81662314705879 76.02207565517244 75.23289096551726 74.44370627586208 73.65452158620691 73.063656484375 72.474529078125 71.885401671875 71.296274265625 70.707146859375 70.118019453125 69.528892046875 68.97162217008798 68.37475982404692 67.77789747800585 67.18103513196482 66.58417278592377
105.88691913043478 104.98406782608694 104.08121652173914 103.1783652173913 102.2755139130435 101.3033408695652 100.16941710144927 99.03549333333332 97.90156956521739 96.76764579710145 95.62426855263155 94.41471697368421 93.20516539473684 91.99561381578945 90.7860622368421 89.57651065789474 88.37673625 87.21932958333332 86.06192291666667 84.90451625 83.75854999999993 82.78419000000001 81.80983 80.84333328000007 80.03200089655174 79.24281620689656 78.45363151724138 77.66444682758622 76.87526213793105 76.08607744827584 75.29689275862069 74.6715263125 74.113424859375 73.52429745312502 72.935170046875 72.346042640625 71.756915234375 71.16778782812501 70.58892461538667 70.03258656891497 69.4357242228739 68.83886187683284 68.24199953079179 67.64513718475074
106.36848869565216 105.46563739130436 104.5627860869565 103.6599347826087 102.75708347826087 101.85423217391305 100.9282736231884 99.79434985507245 98.63206565789474 97.42251407894737 96.2129625 95.00341092105263 93.79385934210525 92.5843077631579 91.37475618421054 90.16520460526317 88.95891208333327 87.80150541666667 86.64409875 85.48669208333334 84.45512999999998 83.48076999999998 82.52999984000002 81.6801941904762 80.88518737931035 80.09600268965517 79.30681799999999 78.51763331034482 77.72844862068965 76.93926393103447 76.24837018750002 75.7212946875 75.163193234375 74.57406582812499 73.984938421875 73.39581101562499 72.806683609375 72.21755620312501 71.690413313783 71.09355096774193 70.49668862170088 69.89982627565983 69.30296392961876 68.70610158357772
