tin.asc
NCOLS 50
NROWS 50
XLLCORNER 2.0
YLLCORNER 3.0
CELLSIZE 5.0
NODATA_VALUE -9999
[rows 20 to 39 of 50, columns 0 to 44 of 50]
109.99999999999999 111.0447774025974 113.26166438053097 114.9448971238938 116.64738895833331 118.20575690476191 118.78571428571428 119.51097803278688 120.34546093333333 122.55571944444445 124.74214386363636 126.73455083333333 128.86210189655174 131.34296012820516 133.8578584090909 136.44218211267602 138.35107295774648 139.4943489285714 139.43781689189188 139.1735506756757 137.4467981097561 133.95262097560976 129.36432046153845 125.43182468208092 121.23232612716762 116.7238267857143 112.32684663793104 109.31755303278689 106.69794799019607 104.13272338709676 102.28859954545455 100.53775863636365 98.32312171875 96.79881903846153 93.93850333333332 91.198318 87.3664511794872 83.97325683760684 80.07647739240507 76.04885992405063 71.73563783962264 67.26371116666667 62.821933621951196 58.37200087850468 54.264051370629375
110.00000000000001 111.60885474137932 113.8805990909091 116.2686581818182 118.57370216666666 119.63432833333333 120.03174600000001 120.13756599999999 120.39571659999993 122.69007026666668 125.06875628571429 127.29539171428569 129.56967642857146 132.0406728030303 134.82751863636364 137.5203363380282 139.0953235074627 140.0 139.99999999999997 138.90559333333334 137.89118695652172 136.6734707142857 133.09387804878048 128.89911951219514 124.70436097560975 120.56811991379311 116.86766638297874 114.17872147540983 111.6959899612403 109.63919166666668 107.61805793103451 105.27454413793126 102.89082239215688 100.48986866666667 96.976745 93.19833999999999 89.19642787499998 84.88888733333334 80.56314625316458 76.53552878481014 71.91073802830189 67.2727301 62.72727255555555 58.455174687500005 54.49116647552448
110.78593055555555 112.3473978448276 114.17846756944446 116.1053370138889 118.1913155 119.34193602189781 120.12592580000002 120.349206 120.49466885714283 122.76422274647888 125.21064704225351 127.57435124999999 130.21859777777777 133.03539 135.82223583333334 138.40830321428572 139.98416879310344 140.48206576923076 140.72973023809524 140.76764782608694 139.98897608695648 139.3110396153846 136.35122023809524 132.41665853658537 128.510446125 124.8178038888889 121.84108301470584 119.36251670542634 116.91872290697674 114.38201382352942 111.35326278431371 108.95230905882353 106.55135533333335 102.88070717948713 99.08960846153848 94.85714631578948 90.51715592105265 86.03779909999999 81.63345655813956 76.72872165957448 71.91731240425531 67.16783307692307 62.32424206666666 58.22290596666668 54.539759546874976
110.71517499999999 112.38806131578946 114.31361028571428 115.99011457142858 117.40298821167882 118.56832069343066 119.46629408163265 120.05185180000002 120.666666 122.9515390410959 125.81598938356163 128.70593055555557 131.34655916666668 134.0528445 136.84201 139.22729892857143 140.97595835227273 142.0309713095238 142.205331875 142.37969275 142.03840789855073 141.06554195652174 139.412685 136.14606660493826 132.8659443478261 130.05993117647057 127.19571169117647 124.70395580882352 121.47468198863638 118.23671088235294 115.01379572549021 112.61284199999999 108.95470819047618 105.26059564102562 101.07440749999998 96.633335 92.11751338709676 87.58873793859648 82.27293287037038 76.93101127142857 71.92700484705881 66.99999993991551 62.0 57.95113341304348 54.606145953125
110.75599333333332 112.57521038461537 113.64688576923076 114.87507037499999 116.27784590909091 117.68924727272727 118.85229612244899 119.47682466666666 121.04977875000002 124.12356559999995 127.04001027397261 129.96759814814814 132.61265416666666 135.23090684210527 137.76308666666665 139.96640854166665 141.71656744318182 142.91651818181816 144.36632836363637 144.56967511627906 144.51255 143.926235390625 142.73743172413796 140.71760691666665 137.9808795679012 135.14854869565215 132.38014392045454 128.7537450568182 125.12734619318181 121.88549883458647 118.71880470588236 115.01619485714284 111.35806104761905 107.44881 102.93792656250001 98.3761375 93.7348229452055 88.35621238372092 82.7777775 77.10046145000003 72.16581612244899 67.38690428571428 62.64538043478261 58.518087822222235 55.1003382121212
110.36068363636365 112.3493702 113.01622283333334 114.00486727777778 115.14861511627905 116.60661279069767 118.02530108333332 119.53346691666667 121.73275055555555 124.72266914285717 127.97745208333333 130.68725952054797 133.0206309677419 135.5591552631579 137.94692058823532 140.00859742268042 142.12480017123283 143.80179863636363 145.42553045454545 146.75965418604653 146.74386785714285 146.52443574324323 145.82888033783783 144.43008899999998 142.10807941666664 139.8968433333333 136.39610284768213 132.54952536423843 128.78001039772727 125.22505176470594 120.7306835 116.63781009345794 112.69542738317756 108.834756875 104.50255937499999 99.90310034246573 95.40355215827338 89.67063848920864 83.9814818245614 78.53909748148148 73.21634515384615 68.43721702702703 63.963315217391305 60.65139542168675 57.132902
109.18451162337668 110.85730834862385 111.86861981651377 112.87245116666666 114.14578136363636 115.53277289473684 116.97253608333332 119.21881977777778 121.58707277777778 124.60732038461539 127.676349375 130.52766089041097 132.94566568965516 135.60124168629662 137.69071701030927 139.78972037671232 141.87439092465755 143.57529863636364 145.87117991379313 147.8888743478261 148.91866616279071 149.06083741935484 148.21221551470586 147.51961919117647 146.11168812499997 144.16145058823528 140.5103925 136.6792432450331 132.02902433333333 126.48636699999999 121.85513147058823 117.66303018691589 113.98797889908255 110.37436660377358 106.05004773584903 102.18536027397259 96.79629629629633 91.2638888888889 85.70601888888888 80.04630007017542 74.5610421728395 69.98143496666667 66.581365625 63.263850217391294 60.243993476190475
108.22097655844159 109.60121017241379 110.65164006666667 111.70076540000001 113.145725 114.65323730769231 116.17569863636363 118.36740763157894 120.73858 123.9179856818182 127.06026261904762 130.17621309523807 132.4071746666667 134.64651824324326 137.0235000085835 139.4977982142857 141.64550000000003 143.82129974137933 146.37672387931033 148.74456965116278 149.6053216666667 149.81115862499996 149.93107631578948 149.1979070967742 147.69374734939763 147.12125850746267 144.23543325892857 139.5347911111111 134.51865766666666 128.82119140625 123.27053535714288 118.79579258620689 115.53301009174311 112.00502509433962 108.2586909090909 104.50249826086956 99.41056057971015 93.74094173913043 87.79456041666666 82.08761 77.61653344117644 73.65452158620691 70.707146859375 67.77789747800585 64.88033344144144
107.2057625 108.01650734375 109.15622609374998 110.29594484375001 111.76002029411765 113.3647354032258 114.98089 117.01727005319148 119.30077995967741 122.27437607142865 125.64777011904762 128.49153269230771 130.7857403846154 133.0799480769231 135.49360067567565 137.9868717261905 140.68128999999996 143.0796094117647 145.51532999999998 148.54367833333333 149.95253987499999 149.986761125 150.0 150.0 149.52381153846156 148.8336833333333 146.50290424107143 142.15877930555556 137.13727166666666 131.179665 126.04396783333333 122.08972116666666 118.13547449999997 114.57553636363636 111.0383775 106.91034608695652 102.47023861702128 96.7626094117647 90.72173486842107 85.83603723809524 81.86637744827587 78.87059981250003 75.95598873437503 73.08271947214077 70.09840774193549
105.69660240000003 106.3777875 107.48482717391305 108.78449782608698 110.08416847826088 111.59209285714284 113.27405571428572 115.32815090425532 117.50181141129032 120.6190475 123.79651320833334 126.59041216666667 129.18497549999995 131.52423653846154 133.89232690677966 136.21295650000002 138.94766916666669 141.66838576923075 144.48276249999998 147.3196876923077 149.4321142105263 149.9972023529412 150.00000000000003 150.0 149.99999999999997 149.48616818181816 147.46106573426573 144.46190200892855 139.7612598611111 134.4987613636364 129.36758215789473 125.14683262962963 121.19258596296298 117.23329535714284 113.76807958333333 109.40882053191488 105.05933968085105 99.65691235294118 94.78184296875003 90.46666370833334 86.74958323880597 84.1194416875 81.37185319648093 78.38754146627566 75.43482398989875
104.02404340000002 104.75231406060607 105.48673306451612 106.66387069892474 107.82525458333333 109.50261657894735 111.60894499999999 113.64623428571429 115.73161312499998 118.79703362500001 121.79026820833332 124.51601372222223 127.11057705555552 129.70514038888888 132.24808326271187 134.53069851694914 137.172205 139.83669308823528 142.64738516666668 145.29699558333334 147.63436881578946 149.04128326530608 150.0 150.0 149.82174659090907 149.70588115384615 148.45575939393945 145.4813033333333 142.34306745454543 137.677130625 132.65637414285712 128.36736128571425 124.04234531578948 119.8221702631579 116.34799375 112.34589414893617 107.93197393617021 103.28481130434783 99.0793243478261 94.76156725 91.98414525373136 89.36780756716418 86.70826944444448 84.03990025252526 81.37153106060607
102.35148439999999 102.9030370909091 103.42429527272729 104.32268413978495 105.45865875000003 107.1833440625 109.04632552631581 111.09091000000002 113.61377840909093 116.28714887931035 119.06355663793103 121.82823427777778 124.39956923529411 126.96783629411765 129.73710386666664 132.31561371287128 135.0766694827586 137.84550708333336 140.42692791666667 143.03492000000003 145.24514078947368 147.19628574074073 148.52668799999998 149.10873295454545 148.8573326724138 148.69785301724139 148.22012583333333 146.3133341666667 144.08367666666666 139.8633756716418 135.71803933333334 131.37091459016398 127.18071105263176 123.10580315789474 119.18354322916667 115.31449739583334 111.35760365384617 107.32829980769229 103.29899596153847 99.74767864864866 96.76731468468469 94.59541946078433 92.53262296875002 89.97660732323233 87.30823813131313
99.92288913855424 100.4841761764706 101.22173205882353 101.95928794117651 103.01991000000001 104.58124041666667 106.51417411764707 108.65016237704917 111.209655 113.73825499999998 116.4403204310345 119.02918680327866 121.56457787234044 124.18073706521737 127.21734864197529 130.0838171782178 132.89827955445546 135.59582260869567 138.16672 140.52886000000004 142.51427033333331 144.41438625 145.81901893805312 147.15729548672564 147.80932232758622 147.6749461206897 147.58283951149426 145.97093416666667 144.06590072580644 140.44693978723404 137.31739445652175 134.4775907481752 130.32885060218976 126.18011045620439 122.08737991803277 118.11090125 114.46313499999998 110.83996461538462 106.81066076923076 104.02848701754387 101.51236897058823 99.93803759803923 97.90885823529415 95.46865088235295 93.0840284920635
97.28320407831325 97.48131147058824 98.21886735294117 99.15454559999998 100.29935466666666 101.95445000000001 103.86782117647057 106.1952515 108.28399999999999 110.81259999999999 113.2736461627907 115.91318214285715 118.6280374468085 121.8164365217391 124.93701469135803 128.06360757352942 130.8322407051282 133.56668249999998 135.84956589285716 137.71746700000003 139.66607366666668 141.60082583333332 143.01792315286625 144.24865699115045 145.22869495652176 146.0152540869565 146.28547333333333 145.45454285714285 143.6839224336283 140.98200468085108 138.02656130434784 135.63985097826085 133.2531406521738 129.15474421532846 125.054125 121.05384459459458 117.44965675675675 113.87689249999998 110.61904 108.44844000000002 106.58838305882352 105.08112188235292 103.04497910071942 100.76144097122304 98.4430418811881
94.64351901807228 94.60150582530119 95.30637317647059 96.28928640000001 97.65114372380953 99.42158642857142 101.18454975000002 102.83367999999999 104.85768 107.32069745454545 109.76731927272729 112.59924273809523 115.84167416666668 119.45213597826087 122.65668074074075 125.7173882142857 128.7369775 131.19769267857143 133.36219089285711 135.12691861344538 136.84321945378156 138.7664836666667 140.24187156050957 141.3659082894737 142.21636215384618 143.0237463846154 143.82020205882355 143.82575749999998 142.3365542920354 140.8686759734513 138.73572815217395 136.34901782608696 133.9623075 131.57559717391302 128.01991032786884 124.11212432432434 120.50793648648649 117.44594615384618 114.97388141304351 113.19031575 111.38530923076922 110.07768465517243 107.8088650719424 105.49758890977442 103.18273364661654
92.00383395783133 91.71359770000001 92.08690239999999 93.6070245809524 95.14297324761904 96.72087725000003 98.23134916666667 99.71282416666666 101.57166929318183 104.6071463768116 107.09578478260869 109.62054057291665 113.10764640350877 116.94131583333335 120.29897125000001 123.19694048076924 126.12996582417581 128.6869299122807 130.82836587719297 132.6196725 134.34215027777776 136.06462805555554 137.37426175757574 138.37669600877192 139.37550083333335 140.27380984615382 140.99185833333334 141.7197416666667 141.1821859589041 140.52006712328767 139.77881666666664 137.61605084183674 135.3380873214286 133.06012380102038 130.59188055555555 127.5248540086207 124.46078159482761 121.3967091810345 119.02208325000001 117.16372008333332 115.37593679999999 114.20316831983806 111.88831305668015 109.57345779352225 107.25092217299618
89.32383049999999 89.23245425000002 89.63812694444444 90.62920555555554 91.9472062 93.47770750000001 94.94254387012985 96.09124627272726 97.91126792954547 101.29770117954546 104.68413442954547 107.55637608695652 110.67915585714286 114.30027336734695 117.62066527472527 120.61211747252746 123.53709147679324 125.96347902953588 128.2830097368421 130.10424194444445 131.78182071428571 133.33161 134.37188345070422 135.21428913043505 136.23748206060608 137.27258115151517 138.09864308139535 138.77752680232558 139.3800448943662 139.9015434859155 140.06795684931507 138.76382431122448 136.63250921874996 134.22558340277774 131.82218051724138 128.78938304232804 127.01757034391537 124.62182523809527 122.26941250000002 120.76921546666667 119.10489479999998 117.66707601214573 115.35222074898785 112.91447976793252 110.44296226562498
86.49853958333333 86.43640049999999 87.27579501923078 88.26515564814815 89.25623425925926 90.1365506091954 91.28214250649351 92.43084490909091 94.25086656590908 97.63729981590909 101.02373306590907 104.4101663159091 108.26929156250002 111.70536075 115.04042727272727 118.0857213186813 120.77802164556962 123.20440919831223 125.63084598726125 127.44029928571429 128.9900885714286 130.53987785714284 131.4368292253521 132.2828954225352 133.12745434782607 134.04007333333334 134.83846964285715 135.70202908163265 136.43374031690144 136.96344656462583 137.51432928571433 137.62361280701754 135.9213974712644 133.98928270833332 131.50208965277778 129.8504160526316 127.93449706349206 126.23576734374998 124.82531687500001 123.46077146464644 122.31381611111112 121.13098370445344 118.57803736286922 116.01357048523208 113.951030234375
84.19360259649129 83.9761313961039 84.91604006730769 85.52865380281689 85.96105450704226 86.58501693103447 87.65595670114942 88.77044354545455 90.59046520227272 93.97689845227274 98.08126329838704 102.68531547692311 106.32550939583331 109.5709634375 112.60034867346938 115.54268563829788 118.02195522292996 120.45080458598724 122.66784459390864 124.47676413705585 126.13969290322581 127.65957499999998 128.501775 129.35651916666666 130.21126333333336 130.89618162162162 131.69393015151516 132.36369642857142 133.5194720748299 134.05156119047618 134.85302531746032 135.55327666666653 133.958978226601 132.2091535960591 130.51752676470588 130.01669441176472 129.32756438775507 128.87261414285715 127.34998367647059 125.81981623376625 124.52249805194806 123.10733647887325 121.67712808016877 119.27997007812499 117.45909820312498
82.28916970175474 81.38442457792208 82.28272810810807 82.33616465517242 82.39146810344826 83.03348325287355 84.1044230229884 85.29942028571428 87.4513018467742 91.91954983064517 96.61823766355141 100.97785724615383 104.38859397916664 107.23323211111112 109.8584420212766 112.63930691489361 115.23889310344829 117.69961254777071 119.55502682741115 121.36394637055835 123.17286591370556 124.66595885416666 125.64482260123452 126.49956666666667 127.35431083333333 127.87973351485148 128.59483653846155 129.18897142857142 130.53048884615382 131.34640547619045 132.19172134920635 133.0370372222222 131.99042551724136 130.24060088669953 130.0 130.0 129.91282375 129.78787112499998 129.33670288461536 127.70732828571431 126.18120560344828 124.60938740259739 123.19941987012987 121.79078357142859 119.2829188888889
