tin.asc
NCOLS 50
NROWS 50
XLLCORNER 2.0
YLLCORNER 3.0
CELLSIZE 5.0
NODATA_VALUE -9999
[rows 0 to 19 of 50, columns 0 to 44 of 50]
-9999.0 -9999.0 -9999.0 -9999.0 -9999.0 65.10366294642857 63.992019627451 63.40018895348841 64.14179263565892 64.88339631782945 65.625 68.43749999999999 66.262931 68.38936766666666 69.31052833333337 69.93037000000002 70.55021166666667 71.93254785714286 75.81538499999999 78.5333350000001 81.39560499999999 83.9285725 83.41269671005978 81.98381458767776 80.31329520379144 78.6427758199052 76.97225643601898 75.30173705213274 73.34284079444446 69.87604890625 66.69214531249999 63.53327358333333 60.13024596428572 56.86256170138891 53.57416690972229 50.28577211805579 46.997377326388765 43.83351428994085 42.16674100591715 40.4999677218935 38.83319443786982 37.27028909259259 36.41160273076923 35.45849200806452 34.586651362903226
-9999.0 -9999.0 68.81623732051278 65.09351853846154 65.13268464285714 64.82435633333334 63.582466527777775 61.17764452941176 60.166666 60.371428699999996 61.25 62.59615384615385 60.0 62.36360691666666 64.49004358333333 66.79917428571427 71.27009279310344 75.7427265862069 79.62102071681417 82.46238766666667 85.36073766666665 87.98317734883722 89.28470666666666 88.8420919402985 88.08027119402985 86.82274007222222 83.31709512777776 79.81145018333335 76.30580523888888 72.85971446296297 69.65230941666668 66.37542358333334 63.08422451886792 59.30000894791666 55.463758351063824 51.71067088144329 47.63673907731959 43.820553024390236 41.95984518691588 40.47735028037383 38.84308058333333 37.94391617391304 37.122601760869564 36.30128771590909 35.47997337499999
-9999.0 71.08351354385967 68.18637284210527 65.84357979591837 65.32015877777779 64.07826897222222 62.83637916666667 62.55585661764706 62.7040715875 62.48941600416667 61.60952436666666 60.970418527777774 60.227272666666664 62.669650048780476 66.24024608333332 70.31237046153846 74.78827727922078 79.26260486206895 83.20017452941177 86.1890462920354 89.01516425663719 91.37280200000001 92.27911500000002 92.46936833333332 91.58554195652174 89.64500215517243 86.45960732758621 83.01590025757578 79.47421268181819 75.78139967142857 72.30680310000007 68.9647065 65.64010989622643 61.44069426041666 56.79018366666666 52.13496009782609 47.81264314980396 44.43493875609755 41.64059761475409 40.12649615909091 39.376315749999996 38.96355290277778 38.14223981696429 37.320925486607145 36.49961114772728
-9999.0 71.954242 69.06253279545456 67.07631260416666 66.25724946850394 65.91260655511812 65.56796364173228 65.7526433148148 65.91351620833333 65.35777204166668 64.83404486458333 64.2408893548387 63.86363733333334 66.82405666666658 69.80379498130841 73.8249927987013 78.30403552597402 82.78248313793101 86.40283404761904 89.30849178571428 92.05812035714287 93.5974036111111 94.02438 94.87735166666668 93.98524870370369 92.01078944444446 89.19223513157894 86.22516934210527 82.68424859999999 78.92717712 75.28768838571429 71.81309181428573 67.88649790540542 62.933854826923074 57.832222288461544 53.283846560975626 49.31511493103448 45.206607653846156 41.95754505000001 40.13938934226191 39.746016336309516 39.35264333035714 39.091615859375 38.3405635 37.565223499999995
-9999.0 73.79484599999999 70.08040888888891 68.32080296875002 67.85350609375 67.63562840551181 67.29098549212597 68.99074978540771 69.45260207236839 69.53931912499999 69.01559194791666 68.56657107986112 68.28039096969698 70.39606068224299 73.24176913953485 77.74571840909091 82.22476113636363 86.21444057522125 89.70871936507936 92.42978107142856 94.84040287878787 96.2340043939394 97.04763083333334 97.4746072222222 96.65218031250001 94.70304737499998 92.363839875 89.40175535714286 85.64102725 81.77588985714284 77.48270866666667 73.21198641891891 69.17239317567567 64.12234660576924 58.794219115384614 54.43293014634147 50.196365682926846 46.20434424137932 43.08016405263158 41.31366018518519 40.10367478869048 39.7103017827381 39.549157734375 39.36020206896552 38.71394913333333
-9999.0 76.04831433333332 71.23634 69.69699083333333 69.23848734375 69.3586502559055 69.88646137339056 71.6252907725322 72.83282312499999 73.1735024013158 73.24767581818182 73.19171884848485 73.13576187878789 74.86866294318182 77.18114850000002 81.84000146103895 85.9694989823009 89.46981513274335 92.97193785714285 95.68842076923076 97.28367863636365 98.67728015151515 100.07088166666665 99.98452749999998 99.17250333333334 97.21395987179487 94.7392058695652 91.53459185185186 87.81701654545455 83.7442532857143 79.501452 75.01087533333333 70.52029866666668 65.31083838461538 59.81857819512196 55.58201373170732 51.3109187074468 47.00529312234042 44.4816282631579 42.797680555555566 41.559536111111115 40.38170117073171 40.29911596212122 40.32882471666667 40.28117817241379
-9999.0 78.30178266666668 74.15280427374303 71.64917616666666 70.96449777777777 71.03941703125 72.52100236051501 74.28718094972066 76.08991106366459 77.18734023134328 77.99221524999999 78.0343709230769 78.02663553846155 79.69526457142858 81.93352923076922 85.72455738938052 89.22487353982298 92.78409090909125 96.40215346441947 98.85334499999999 100.37764563492063 101.61423348484847 102.87791984848485 102.32769564516128 101.34085928571427 99.68308342105263 96.69075388888889 93.39635805555554 89.70162899999998 85.58617411764708 80.89147840707966 76.05614529411764 71.19467139705881 65.90287887755102 60.37672730898876 55.901493544943825 51.4262597808989 47.682876750000005 45.74951254545455 43.853712 42.333077310344834 41.80001294117646 41.73679788235293 41.938565833333335 42.00423110344827
-9999.0 80.5552509999999 77.05002689944135 74.77127241935484 74.41569330508474 74.37900898305084 76.14011418994413 77.89812170031055 79.44059012195132 81.48858036585366 82.47078015671653 83.14331775000001 83.25199483333334 85.13975028571426 87.80584178082194 90.64840758426966 94.28604784644195 97.92368810861424 100.10562104651163 102.08037147058823 103.51762500000001 104.74596547619046 105.35985285714285 104.7235075 103.34995749999999 101.35738351851852 98.23438006410257 94.90613499999994 91.0089805882353 86.36729870229009 80.93154699115044 76.16996247787608 71.59603720588235 66.05902888573127 60.211152887640445 55.711237910256365 51.175897012820506 48.32784442142857 46.71144673863636 45.13100438709678 43.92970220338983 43.76178426470588 43.71717247058823 43.78407833333333 43.69482416666666
86.90995931443622 82.83100935185217 80.13739983870968 78.61924661290323 77.58688581632651 77.99304743016759 79.70633233695652 81.31973676242237 83.0029693902439 85.05095963414632 86.88317635074628 88.04190122772278 88.52467055555555 90.82132363636363 93.88890342465754 95.88605362318837 99.445222752809 102.089285 103.76287569767442 105.45799392592592 106.29086000000004 107.21355615384616 107.87723499999998 106.5647510185185 104.85243249999998 102.67896777777779 99.64166051282051 95.51336711009175 91.35443279411764 86.37455255681817 80.98330633587766 76.21003106194689 71.42041897260273 65.8235387037037 59.761076483146105 55.26509771910112 50.76922938461539 49.36838952678571 48.130662988636374 46.57309184210527 45.74110808823529 45.71509955882353 45.68909102941176 45.55994293814434 45.37888675257732
88.8403318912534 85.50352725806452 83.96120214285713 82.36247595238096 80.97314626984128 81.64606901898732 83.1279473990683 84.74135182453416 86.56534865853656 88.61333890243904 90.66132914634146 92.29319598019802 94.03775736842105 96.78658727272726 99.75477125 101.82993985507247 104.07294895348839 105.8463491111111 107.6569331851852 108.74814822222223 109.42701919047617 109.9558349047619 110.25228666666665 108.75448073170732 106.90368560975611 104.16903362068967 100.13152628440366 95.70080174311927 91.26120198863636 86.20390710227272 81.06234412213739 76.16601691780821 71.12415664383559 65.31588233333333 59.375376111111045 54.81518432967032 50.41950675892858 49.26777098529413 48.624307851351354 48.269051976190475 47.753019125 47.768455714285714 47.64915741558441 47.45932025773196 47.05274808219178
90.77070446808507 88.7009720491804 87.39903451612902 85.77651694117648 85.22351928571429 85.41380525316441 86.6118642721519 88.16296688664596 90.12772792682927 92.17571817073167 94.45394379310346 97.1525146551724 99.624605 102.17559102272726 105.0503914880952 106.738828875 108.51337163043479 109.9182625 111.11058044444445 111.98608331460674 112.41729214285714 112.70537785714285 112.21984779069767 110.84803249999999 108.1399425 104.75097595454544 100.31915777272727 95.88823637614684 91.0905565340909 86.0253382499999 80.66207591666667 75.76879763157895 70.82789431506848 65.27357695454545 59.68047184090909 54.865879375000006 50.90061387931034 49.682532581081084 49.737899075107286 50.48468815236052 50.62575572916667 50.54102768333337 50.15643575 49.38409398936167 48.772150747933885
92.70107704491711 91.81967963235292 90.79685647540984 90.16483047058823 89.4876863529412 89.19344670289857 90.37960050632911 91.75956305882353 94.2936972413793 96.77726793103447 99.26083862068967 102.27558620689655 104.90560249999999 107.40741 109.31825919642856 110.71210262500001 112.37364336956522 113.39148999999999 114.02335357142854 114.8490510280374 114.9855038317757 115.19814214285715 113.8645575 111.85578249999999 108.98500153846153 104.92256201438849 100.48863636363642 95.94612124999999 90.67428575000001 85.29468125 80.07814928571426 75.07591868421052 70.94062029411765 66.16836481818183 60.6500665 55.68905041666666 53.07846146000001 53.06715934705882 53.84765482618027 54.59444390343348 54.54603517032967 54.34318701666668 53.606454596153846 52.06508760638298 50.67012657438017
94.63144962174931 94.94445977941172 93.84258993150685 93.07176871134023 93.017051185567 93.06631844262296 94.12889827272726 95.88643894117646 98.54439364705884 101.20234835294117 103.93834275 106.86317999999999 109.32332227272728 111.154831827957 112.81880575268814 114.48976544642863 115.77238141304348 116.59968576086955 117.19172976190477 117.61882749999998 117.69638642857144 117.58737983050847 115.62877531249998 113.12512269911505 109.6280575423729 104.95580889610389 100.51708719424461 95.41566884892086 90.048375 85.28787888888888 80.57231104651162 75.84484011627907 71.41206551470589 66.76392550000001 61.544854363636354 57.8453905882353 56.9410269117647 57.10303805294117 57.90985222941176 58.70419965450641 58.97816841208791 58.145346350000004 57.01802218085108 54.74608122340426 52.23001696428573
96.56182219858132 98.0692399264706 96.93680965909091 96.1905349173554 96.80640286885247 97.14162827868853 97.86590372727272 100.01331482352941 102.6712695294118 105.07665440839695 107.95200029850746 110.77142984848486 112.89722681818182 114.83183 116.48933935483872 118.15331327956987 119.09252075187968 119.827220625 120.21335083333334 120.50769638888889 120.2777025 119.6089993220339 117.05826060000001 113.7630311061947 110.23809357142856 105.06120584745764 100.32374294964029 94.82214510791367 89.4177875 85.73611222222222 81.56944444444446 76.7532703488372 72.02016304347826 67.3594861818182 63.47332872222223 62.138185458333325 61.50098360000001 62.076430220588236 62.60338963235295 63.13034904411766 63.12209818579235 61.177443499999995 59.33860647500001 56.74630167500001 53.14187804166667
98.492194775414 101.33958181818184 100.40109602272729 99.65482128099174 100.23873863636364 100.87569003759397 101.71296305555555 103.98966929389313 106.36699085877862 108.74431242366414 111.7378036231884 114.27556522727274 116.44947886363637 118.51603865384615 120.16385115384615 121.5339403007519 122.40067112781952 123.2888654736842 123.744060625 123.8060962096774 123.1952314285714 122.12866391304348 118.48756490909089 114.77636259999998 110.64125436170214 105.55555500000001 100.00000055084747 94.44444489361702 89.65629822784811 86.18434555555555 82.71843444444447 77.77314814814815 72.93084782608697 70.26269451612903 68.3532547936508 67.01811152976191 66.72666382857145 67.3120052586207 67.79919793103448 67.30826645 65.73978042622952 63.59218004371586 61.22943442857144 57.87901275 54.05216179166667
100.42256735224593 104.59876574074072 103.8472642735042 103.11910764462812 103.70302500000001 104.29475357142857 105.58332960526317 107.60688347345132 110.0202363495575 112.41197043893132 115.04219 117.45889714285715 119.69216736363636 121.77500000000002 123.40531380952378 125.03488285714286 125.94492021052632 126.73748087301585 127.14204880952383 126.55863068181817 125.94165946969697 123.27237073170731 119.35636971428572 115.46024490909092 110.60490429411763 105.3326903488372 100.00135676829268 94.76481261904762 90.63518523809525 86.65875898734177 83.16983240506332 78.99999999999999 76.85470681818182 75.34648920454543 73.34573571428574 72.22339838043477 72.27475577702704 72.44816344827588 71.36442944999999 70.2214152 68.35746266666668 65.67989242105263 61.87374318604652 58.29870993749999 54.04580202926829
103.10565868644096 106.76091166666666 107.23526384615384 106.58339400826445 107.16731136363636 107.9930569178082 109.27989978070175 111.19046842920356 113.60382130530975 115.20977401709402 117.6032995945946 120.22090770270272 122.56646380952382 124.61324714285713 126.54651142857143 128.3201578125 129.42027903225807 130.07117023809522 129.82328295454545 128.6079105 126.69006702173913 124.77222354347826 121.05098780487805 116.31990555555556 110.86307311764705 105.52648569767443 100.04545500000002 95.76682916666665 91.82741875 88.37331881355932 85.1625 82.63386625000001 80.68638125 79.17816363636362 77.84304454887219 77.72241453658536 77.38754442307692 76.31193634615386 74.53224788461537 73.12274528961755 70.12070369924814 66.57042816296298 62.18371341860465 58.39383032195124 53.87416310243902
106.52856825757546 108.9230575925926 109.57648927927927 109.97697970588234 110.39455785714284 111.46626849514566 113.06821650684932 114.77405338495574 116.24765710382518 117.62594752136752 119.94142188034188 122.36012527027027 124.83928523809524 127.04516210843374 129.21957870689656 130.90922847222225 132.45970056818183 133.00610852272723 131.3951153478261 129.47727186956524 127.55942839130437 125.64158491304347 122.60416406250003 117.7523777777778 112.3488916 106.6944415 101.544575 97.64384375000002 94.25165625 91.3604222033898 88.9176047368421 86.547294 84.63345469924809 83.52913364661656 82.36048973214285 82.24664473499999 81.223534785 79.5772446153846 77.6625068 74.25026288461538 71.14961685714285 67.14154357037037 62.66342801481482 58.22219139512195 53.70252417560975
108.49352962121212 109.8846523611111 110.03352126126128 111.63282367256633 113.31817676470588 114.37418305825243 115.99705344262296 116.85519181818184 118.47256857923499 120.04212102564102 122.3575953846154 124.43933739130433 126.70959842105263 128.86773319277108 131.1724028448276 132.9961325520833 134.61211432291663 135.91677539999998 134.9921601304349 133.0743166521739 131.15647317391304 129.07048743902442 124.72079413461537 119.42052730769231 114.07407625 109.04493720588235 104.17503472222222 100.08330961538461 97.496728125 95.16311300000001 92.97541799999999 91.11853888297873 89.34875872448978 88.11090169172932 86.88608382352949 86.03139781250003 84.53540375 81.83180687499998 78.69469679999999 74.97586384615384 71.53927016666665 67.23484722222223 62.72727349999998 58.28399508403361 53.74437550420168
110.10186574999999 110.36602666666666 111.60562765486725 113.28886039823009 114.9739993137255 116.77718547619045 117.37334852459017 118.139928 119.87344333333334 122.02978521739131 123.76092869565218 125.58324780303029 127.8158747413793 130.38589916666666 132.86997250000002 135.139405 137.00635894444443 138.440605 138.05590728571428 136.6713614347826 134.7535179565217 131.51155420731706 126.87668884615385 121.90815892307701 117.75594205357147 112.99503749999998 108.48578573529412 104.5735593902439 102.02555289215687 99.48372799999999 97.44893193181818 95.69809102272727 94.06632607142858 92.55734300000002 90.79253000000001 88.64148062499999 86.20582521367521 82.8967688034188 79.4512655625 75.47061181250001 71.58248447826087 67.23214271428574 62.787877900000005 58.33968625233645 54.03693626573427
